(10529;10821,119.00)
(11298;14100,336.00)
(13487;10739,6.00)
(12892;11638,77.00)
(11298;15624,79.00)
(13232;13244,101.00)
(15016;13495,101.00)
(10397;11308,91.00)
(11042;11298,110.00)
(14057;15376,29.00)
(11865;14869,20.00)
(11298;13204,42.00)
(13495;12266,97.00)
(12892;10372,56.00)
(11066;13487,13.00)
(12264;13930,334.00)
(14492;11618,4.00)
(12889;15304,30.00)
(13851;15016,16.00)
(11042;11278,24.00)
(11298;14674,36.00)
(10792;13204,38.00)
(14635;14100,68.00)
(12339;11298,37.00)
(10693;14122,21.00)
(13204;11292,51.00)
(11292;11503,124.00)
(13303;11278,44.00)
(12478;12264,43.00)
(11292;11697,39.00)
(11042;13487,20.00)
(11921;14107,20.00)
(15304;13930,224.00)
(14107;13198,226.00)
(13930;11203,150.00)
(10721;10874,29.00)
(11298;12012,0.00)
(11618;10423,23.00)
(15016;11433,18.00)
(11292;12889,126.00)
(11292;14674,22.00)
(13422;11298,81.00)
(13232;12892,93.00)
(11066;11292,116.00)
(14683;13232,55.00)
(11292;14683,167.00)
(11697;11292,14.00)
(12892;10299,0.00)
(10397;11003,72.00)
(14869;14831,45.00)
(11292;12003,89.00)
(13930;13029,1.00)
(11413;11292,112.00)
(11603;12892,8.00)
(14771;13502,5.00)
(13158;12266,248.00)
(14107;14908,53.00)
(13342;13198,26.00)
(14831;12982,0.00)
(15016;15370,29.00)
(12953;11193,3.00)
(12519;11292,74.00)
(12982;13830,11.00)
(13930;14635,484.00)
(12266;14492,58.00)
(11292;13891,79.00)
(14747;14869,77.00)
(12266;14843,18.00)
(13198;15304,39.00)
(11618;14122,5.00)
(15024;11618,65.00)
(10721;14027,107.00)
(10874;10721,0.00)
(11298;14771,139.00)
(14122;14107,16.00)
(13290;13930,106.00)
(12266;15370,19.00)
(10397;11252,49.00)
(14869;14893,99.00)
(14635;12197,8.00)
(13871;11618,83.00)
(10930;14771,74.00)
(11278;11259,98.00)
(13158;11298,118.00)
(13930;10529,61.00)
(14869;11193,0.00)
(11267;13204,146.00)
(11292;12519,104.00)
(14679;11259,9.00)
(13830;13796,156.00)
(14457;13930,0.00)
(12953;13232,182.00)
(13367;11292,4.00)
(12982;14679,0.00)
(12951;11292,0.00)
(10397;11423,46.00)
(11540;11259,43.00)
(12892;13830,272.00)
(10423;12266,442.00)
(10994;10397,29.00)
(10397;11995,27.00)
(12266;10849,24.00)
(15016;10821,0.00)
(10140;14107,52.00)
(10821;13931,24.00)
(12266;12177,73.00)
(12892;13232,49.00)
(12915;11298,34.00)
(11823;10397,0.00)
(13930;10257,77.00)
(10732;12478,2.00)
(12264;11042,132.00)
(11433;10785,144.00)
(10140;14057,17.00)
(10299;12892,25.00)
(14908;13487,7.00)
(13930;14831,3.00)
(12191;11540,23.00)
(13930;11067,129.00)
(13487;11433,7.00)
(10874;11278,3.00)
(13232;10599,26.00)
(10693;14683,62.00)
(15016;14100,20.00)
(13184;11433,4.00)
(15016;13198,0.00)
(14107;13851,42.00)
(13296;12953,270.00)
(14908;12266,18.00)
(12478;12451,0.00)
(11292;14908,49.00)
(12264;14492,24.00)
(15249;13303,5.00)
(14683;11292,87.00)
(11298;12951,79.00)
(15304;11057,30.00)
(11057;10257,15.00)
(11823;11433,10.00)
(11638;14869,0.00)
(11697;15070,41.00)
(13342;11697,4.00)
(12451;12953,0.00)
(13871;11298,0.00)
(15304;12892,36.00)
(13930;11298,193.00)
(14262;12892,74.00)
(13930;14057,138.00)
(13244;11618,557.00)
(11298;12889,210.00)
(11884;13487,23.00)
(12982;14107,1.00)
(13487;13303,31.00)
(10721;10397,134.00)
(11057;10693,10.00)
(13232;10423,0.00)
(11292;10423,56.00)
(12478;14057,21.00)
(10693;10397,51.00)
(13502;13930,10.00)
(11618;11042,120.00)
(10721;13198,40.00)
(14685;12266,106.00)
(14524;11298,10.00)
(12278;13487,15.00)
(11603;14869,0.00)
(12892;15304,47.00)
(13342;13930,262.00)
(11540;14683,47.00)
(13931;12953,59.00)
(12478;10785,75.00)
(10821;10721,65.00)
(11433;10693,63.00)
(11298;13158,153.00)
(11977;11433,0.00)
(15624;12266,70.00)
(15304;13244,0.00)
(10397;12266,118.00)
(15376;11298,64.00)
(13230;11057,1.00)
(12992;12889,66.00)
(11995;11433,0.00)
(13930;11540,3.00)
(13930;13502,27.00)
(12264;13851,35.00)
(13487;11637,40.00)
(13303;11953,3.00)
(14747;13930,103.00)
(11905;11298,17.00)
(12191;12451,66.00)
(12992;10821,3.00)
(11447;12519,89.00)
(11003;11433,131.00)
(11066;11298,92.00)
(14307;11433,43.00)
(12478;12954,121.00)
(13244;11298,6.00)
(11292;11042,63.00)
(11292;12173,11.00)
(14107;10140,53.00)
(14679;13796,47.00)
(14674;11298,106.00)
(11433;14679,50.00)
(12094;12264,0.00)
(10397;11267,38.00)
(13487;14908,5.00)
(14771;13487,55.00)
(11433;14321,0.00)
(10693;11697,0.00)
(11278;13495,7.00)
(10721;13495,28.00)
(12954;14869,67.00)
(12892;14057,11.00)
(13342;10397,131.00)
(12889;12954,120.00)
(11298;11637,13.00)
(12892;14679,104.00)
(12889;11423,59.00)
(14679;13204,28.00)
(11042;13342,31.00)
(13930;14747,81.00)
(13204;11278,172.00)
(10994;10821,80.00)
(13495;10721,25.00)
(12173;11298,70.00)
(14576;10397,30.00)
(11433;14635,100.00)
(13931;13204,0.00)
(10140;11298,27.00)
(15016;14492,22.00)
(10874;11292,4.00)
(14100;11298,313.00)
(14747;13495,0.00)
(11109;11292,199.00)
(14908;11618,12.00)
(10397;13485,0.00)
(11278;12892,37.00)
(11618;14843,209.00)
(11618;12191,35.00)
(14696;11618,5.00)
(13388;14771,88.00)
(14107;11057,242.00)
(14771;12758,28.00)
(11298;15376,39.00)
(13303;14679,14.00)
(11433;12264,20.00)
(11433;12945,114.00)
(12339;13487,8.00)
(13487;12335,114.00)
(10792;10397,27.00)
(14107;10713,53.00)
(14831;12892,195.00)
(15919;13930,154.00)
(11292;11413,122.00)
(12339;14107,61.00)
(12982;11292,0.00)
(14869;11292,105.00)
(12953;15412,24.00)
(14107;11695,112.00)
(11066;14107,21.00)
(10397;10257,241.00)
(14905;12892,0.00)
(14107;11921,24.00)
(13930;11423,130.00)
(12266;13198,86.00)
(12278;12266,20.00)
(14108;11292,0.00)
(11259;11278,111.00)
(11503;11298,25.00)
(13303;12266,116.00)
(11278;14869,0.00)
(13495;11298,10.00)
(14843;10721,43.00)
(11973;10397,22.00)
(11298;14193,176.00)
(10140;12266,29.00)
(11996;11298,161.00)
(13487;11042,151.00)
(12889;10721,38.00)
(10299;13970,0.00)
(14747;14683,27.00)
(12191;11140,41.00)
(12191;10721,116.00)
(12511;11298,62.00)
(12954;13796,31.00)
(13232;14100,142.00)
(13964;14771,7.00)
(13486;13487,0.00)
(11278;12339,7.00)
(12478;11193,92.00)
(13184;13930,108.00)
(13930;11337,177.00)
(11618;11066,12.00)
(13232;12278,186.00)
(10994;12191,0.00)
(10721;10423,58.00)
(11042;10693,23.00)
(10423;13232,60.00)
(11292;11109,109.00)
(13930;15304,197.00)
(13487;12478,0.00)
(12402;12173,88.00)
(10868;12953,59.00)
(11618;15024,45.00)
(13930;10431,152.00)
(11292;13486,7.00)
(10257;11697,0.00)
(13204;13931,2.00)
(11292;14027,0.00)
(13303;11618,83.00)
(14107;13796,62.00)
(14524;11618,16.00)
(12173;11618,0.00)
(13485;14869,0.00)
(11292;11648,77.00)
(13873;10299,18.00)
(10397;15412,60.00)
(11298;11066,99.00)
(10397;11977,73.00)
(11612;10397,54.00)
(11433;14307,79.00)
(14100;14107,116.00)
(12173;14107,26.00)
(14908;14831,43.00)
(14100;12266,76.00)
(14893;14771,132.00)
(10821;10994,30.00)
(11953;10397,99.00)
(13303;10994,22.00)
(12451;10821,39.00)
(14635;11433,30.00)
(11267;12953,70.00)
(11292;13851,126.00)
(12339;11278,85.00)
(12898;15304,31.00)
(12889;10299,9.00)
(10821;11292,66.00)
(14747;11433,15.00)
(11298;12173,99.00)
(10713;14107,19.00)
(14679;13495,59.00)
(12339;14635,38.00)
(11146;13930,25.00)
(14262;13930,58.00)
(10693;10423,87.00)
(10299;10551,9.00)
(12758;12173,50.00)
(11097;11292,11.00)
(13930;10693,391.00)
(12892;14262,67.00)
(10529;14492,0.00)
(12448;10397,50.00)
(10397;10372,46.00)
(13930;13485,251.00)
(10397;10994,39.00)
(10874;15304,0.00)
(12889;10693,15.00)
(13930;11612,72.00)
(11697;12451,7.00)
(14869;11278,28.00)
(10599;11292,2.00)
(14683;10693,212.00)
(14635;11066,294.00)
(10721;12889,79.00)
(11278;13303,49.00)
(12266;14771,59.00)
(11041;12892,88.00)
(13232;13198,60.00)
(12451;11433,44.00)
(12206;12191,13.00)
(14869;11122,0.00)
(14122;13232,34.00)
(15096;13204,139.00)
(11433;11537,48.00)
(10397;11973,19.00)
(10372;13930,170.00)
(12953;14730,51.00)
(13577;12953,93.00)
(10792;13930,104.00)
(15027;13303,111.00)
(12478;14576,39.00)
(10800;12889,147.00)
(10423;11298,92.00)
(14635;15356,22.00)
(14747;10397,44.00)
(12884;11433,248.00)
(13871;14747,111.00)
(13204;10693,123.00)
(13303;11995,21.00)
(10721;14986,0.00)
(15304;11042,0.00)
(13232;11057,118.00)
(13487;11648,7.00)
(15016;11259,121.00)
(15016;11057,69.00)
(11618;14696,139.00)
(15024;12264,199.00)
(10792;12953,155.00)
(13495;11618,19.00)
(10821;11298,73.00)
(12451;11057,54.00)
(11278;12889,0.00)
(14100;15304,406.00)
(11618;14908,20.00)
(14262;12478,0.00)
(14685;12264,16.00)
(14771;13830,69.00)
(13487;14683,121.00)
(11481;10821,29.00)
(12758;12892,62.00)
(12266;11109,224.00)
(14771;13342,12.00)
(11042;11292,13.00)
(10529;10397,111.00)
(14747;11884,60.00)
(12992;12953,-1.00)
(13303;12264,79.00)
(12264;13303,147.00)
(11292;14689,112.00)
(10800;14771,93.00)
(11057;14307,34.00)
(11423;10397,91.00)
(14869;15582,19.00)
(12264;13204,303.00)
(10299;12173,9.00)
(13485;11433,19.00)
(14107;11413,16.00)
(14683;14107,8.00)
(12323;10397,46.00)
(12889;10666,0.00)
(13204;11298,731.00)
(11298;12191,94.00)
(14107;12889,122.00)
(15370;11292,71.00)
(10732;13204,8.00)
(11697;10693,21.00)
(11618;13303,173.00)
(12889;14679,50.00)
(11298;10397,174.00)
(12892;14831,49.00)
(11298;14122,46.00)
(11413;14107,102.00)
(14869;14457,0.00)
(14107;11259,51.00)
(10397;15919,43.00)
(15016;13303,47.00)
(14262;14869,6.00)
(13931;12478,10.00)
(11292;14771,96.00)
(11042;10721,26.00)
(11292;14252,114.00)
(14633;13930,117.00)
(13303;11292,91.00)
(11637;11292,301.00)
(12266;12173,51.00)
(10257;13930,350.00)
(11066;14635,116.00)
(13198;12266,75.00)
(14489;11292,70.00)
(13495;14747,19.00)
(11298;10980,54.00)
(11298;11921,14.00)
(14107;14698,5.00)
(15016;12953,67.00)
(10397;10785,87.00)
(11298;13930,144.00)
(13495;14679,55.00)
(11292;10627,14.00)
(10721;11042,19.00)
(13158;11292,251.00)
(14492;12266,126.00)
(14843;10529,108.00)
(11540;12191,66.00)
(14893;14908,14.00)
(12173;12402,44.00)
(10397;10185,18.00)
(10792;11433,79.00)
(14893;13891,30.00)
(10721;12191,43.00)
(15376;14747,0.00)
(15304;14492,54.00)
(13198;14747,0.00)
(10529;14843,62.00)
(12266;11503,3.00)
(13342;14771,17.00)
(12889;11540,5.00)
(14307;13930,33.00)
(11092;14869,0.00)
(14492;15016,11.00)
(12156;14869,33.00)
(10627;11292,208.00)
(12889;14730,17.00)
(12266;12889,43.00)
(10257;10821,12.00)
(11278;11042,13.00)
(10529;11697,37.00)
(10785;13930,62.00)
(13487;10423,170.00)
(15304;11697,70.00)
(12889;14747,156.00)
(13230;11433,0.00)
(11298;14683,150.00)
(12191;13232,33.00)
(11109;11298,375.00)
(10693;12191,124.00)
(11537;11433,12.00)
(13930;10268,223.00)
(14057;11057,31.00)
(11292;11066,32.00)
(11481;12191,0.00)
(13495;15016,4.00)
(11298;14869,28.00)
(14635;12478,105.00)
(11146;10397,47.00)
(12889;11278,10.00)
(11278;12191,20.00)
(11697;11298,15.00)
(14869;10721,0.00)
(13204;14107,66.00)
(13204;10158,116.00)
(10140;14747,51.00)
(12992;11259,4.00)
(14843;12266,34.00)
(14321;10397,0.00)
(12478;13487,46.00)
(13232;11433,116.00)
(12451;14100,2.00)
(10721;14122,14.00)
(12266;10713,14.00)
(11057;13487,31.00)
(13485;10397,9.00)
(12173;14679,27.00)
(11267;11433,18.00)
(10397;15607,50.00)
(12335;13487,4.00)
(13502;14771,0.00)
(14869;10800,21.00)
(14057;13930,48.00)
(11292;14122,57.00)
(14107;12982,195.00)
(13487;14122,0.00)
(14893;12478,0.00)
(13487;12278,29.00)
(12953;11995,307.00)
(11111;13930,120.00)
(12191;15016,55.00)
(14730;13930,207.00)
(14100;13232,53.00)
(14635;14122,0.00)
(13830;14771,198.00)
(14543;14869,6.00)
(13931;11057,11.00)
(15607;10397,90.00)
(12012;11298,5.00)
(11433;10721,158.00)
(13487;14100,110.00)
(13487;10821,36.00)
(13487;12953,55.00)
(11986;10397,4.00)
(11721;15304,0.00)
(12339;11618,48.00)
(11433;12992,125.00)
(13232;11042,28.00)
(11057;14057,48.00)
(14679;12892,462.00)
(12945;13930,68.00)
(13933;13204,0.00)
(10693;11066,13.00)
(14893;12889,23.00)
(10926;15991,20.00)
(13198;13342,0.00)
(10423;12954,102.00)
(10785;10397,4.00)
(14831;12478,3.00)
(11298;14524,10.00)
(10821;14107,66.00)
(11057;11618,82.00)
(10397;11292,49.00)
(14771;12954,91.00)
(14869;13232,4.00)
(13487;13367,0.00)
(14100;14747,15.00)
(10821;14730,86.00)
(13487;13244,0.00)
(10397;14107,38.00)
(11618;14027,57.00)
(14193;11298,41.00)
(12519;11447,114.00)
(10372;14771,14.00)
(14576;12478,24.00)
(12264;14122,312.00)
(14570;14771,133.00)
(13930;11111,380.00)
(14908;14107,146.00)
(11057;14321,9.00)
(13931;11433,0.00)
(14492;11298,15.00)
(13433;11292,23.00)
(11433;13184,81.00)
(11057;13931,22.00)
(11298;13198,92.00)
(12892;13487,60.00)
(14747;14771,156.00)
(12173;13830,43.00)
(14908;14893,116.00)
(14100;13487,80.00)
(14107;11066,168.00)
(14869;14262,170.00)
(14107;14122,23.00)
(14122;11618,15.00)
(12892;12264,166.00)
(13230;13204,0.00)
(14100;11278,120.00)
(13204;15096,78.00)
(10693;11433,80.00)
(11433;11278,71.00)
(13930;10299,22.00)
(11995;13930,13.00)
(11823;13930,199.00)
(10257;10397,31.00)
(12191;14107,36.00)
(14794;14869,213.00)
(13342;12892,7.00)
(14027;10721,144.00)
(11259;12266,197.00)
(10397;10431,4.00)
(12266;12915,22.00)
(14747;10140,32.00)
(12441;11292,100.00)
(11292;13930,240.00)
(14747;10821,0.00)
(13204;14730,22.00)
(13476;12892,48.00)
(14869;12954,41.00)
(14747;11057,21.00)
(14107;12478,109.00)
(12478;14635,56.00)
(15304;12889,0.00)
(10279;11259,32.00)
(13204;15016,22.00)
(13930;12451,70.00)
(11057;15016,7.00)
(12953;15919,6.00)
(13232;15376,56.00)
(14576;11057,0.00)
(12266;13930,75.00)
(14679;12173,44.00)
(14122;11298,90.00)
(10408;13930,116.00)
(15016;11697,7.00)
(14908;11298,151.00)
(10800;12478,132.00)
(11292;10849,182.00)
(13232;11066,89.00)
(14524;10721,40.00)
(14122;10721,76.00)
(11577;11433,14.00)
(14107;12173,191.00)
(13487;13486,0.00)
(11292;13433,61.00)
(12992;11433,12.00)
(14107;12339,14.00)
(11540;13930,50.00)
(14843;11278,6.00)
(14100;14635,28.00)
(10713;12266,0.00)
(11193;11697,0.00)
(14057;12889,74.00)
(12264;11433,43.00)
(12953;10990,104.00)
(11193;12478,63.00)
(11996;11618,20.00)
(11193;12889,35.00)
(10599;12266,151.00)
(13232;14683,169.00)
(15304;13495,16.00)
(13930;13931,166.00)
(13232;11259,11.00)
(10397;13296,0.00)
(12266;13303,52.00)
(10372;10397,0.00)
(11433;11193,48.00)
(11433;11977,8.00)
(12264;14843,131.00)
(10397;13577,8.00)
(11298;11057,126.00)
(10721;14100,123.00)
(13487;14696,157.00)
(13342;12953,38.00)
(10693;12892,41.00)
(14321;11433,129.00)
(12278;13232,5.00)
(11697;11278,65.00)
(13198;10693,9.00)
(11298;11433,142.00)
(13204;13342,33.00)
(15304;14843,12.00)
(10257;11433,0.00)
(10423;11540,41.00)
(14150;11433,221.00)
(14222;12173,0.00)
(13487;11884,28.00)
(11292;12191,29.00)
(12523;14256,19.00)
(12264;11066,89.00)
(13204;13296,110.00)
(14869;12280,103.00)
(15041;14869,1.00)
(14107;10821,32.00)
(12892;14905,22.00)
(11057;11298,121.00)
(10693;13930,419.00)
(11292;13495,64.00)
(15304;14122,12.00)
(11697;13232,47.00)
(10792;10821,171.00)
(11042;12266,22.00)
(11278;13198,3.00)
(12953;11278,107.00)
(11193;11057,0.00)
(11292;11921,39.00)
(10792;12889,0.00)
(13433;13487,86.00)
(11298;13422,90.00)
(11697;12266,48.00)
(13495;11292,116.00)
(13871;12266,21.00)
(15304;14100,236.00)
(11292;13796,66.00)
(11292;13244,24.00)
(12915;12266,3.00)
(12266;14683,133.00)
(13930;14570,0.00)
(10721;13930,82.00)
(13930;13184,62.00)
(11042;14107,32.00)
(11695;14107,197.00)
(11292;12982,18.00)
(12892;11298,190.00)
(14771;14570,76.00)
(11292;12951,7.00)
(11423;14869,0.00)
(14107;11433,104.00)
(12441;13487,107.00)
(11292;12896,58.00)
(11259;11540,41.00)
(14869;14794,9.00)
(15304;11259,28.00)
(14122;15304,106.00)
(13930;14576,163.00)
(12478;10800,22.00)
(13930;10792,86.00)
(11618;13871,33.00)
(11648;11292,115.00)
(13796;11298,18.00)
(14679;14100,40.00)
(11292;14489,131.00)
(10666;12889,5.00)
(11618;13244,102.00)
(12280;14869,23.00)
(14193;10693,12.00)
(11298;11778,10.00)
(12889;14570,51.00)
(14771;10930,138.00)
(10627;11298,14.00)
(10994;11057,8.00)
(12953;11298,98.00)
(11259;13232,91.00)
(11298;14027,23.00)
(10397;14747,42.00)
(11193;13303,10.00)
(13244;13487,0.00)
(10693;13303,44.00)
(10397;11612,101.00)
(12896;12266,169.00)
(11298;14908,52.00)
(12951;12266,93.00)
(12264;14771,61.00)
(14893;12892,72.00)
(10721;14869,12.00)
(13204;13487,20.00)
(12889;14057,185.00)
(11298;13303,102.00)
(14100;14679,19.00)
(13933;11697,29.00)
(11292;11259,59.00)
(11140;12191,3.00)
(11433;11618,185.00)
(11298;13277,39.00)
(13891;11298,48.00)
(14730;13204,17.00)
(10821;15304,70.00)
(11298;11996,134.00)
(11298;10599,60.00)
(14771;14679,145.00)
(14771;12264,104.00)
(13204;12266,149.00)
(12264;12892,217.00)
(13232;13851,31.00)
(10721;12478,111.00)
(11996;13232,43.00)
(14492;10529,53.00)
(12266;15411,18.00)
(13377;10397,159.00)
(12264;12953,31.00)
(15919;10397,43.00)
(13930;11274,83.00)
(13198;15016,49.00)
(10140;14679,0.00)
(15304;12391,0.00)
(14635;11057,21.00)
(11057;13230,41.00)
(13232;15370,0.00)
(15016;12191,115.00)
(12266;12094,18.00)
(10397;10792,17.00)
(13871;13487,24.00)
(13244;11292,8.00)
(12892;12402,0.00)
(15016;12889,10.00)
(14108;11298,54.00)
(12173;14222,0.00)
(10140;13232,50.00)
(11298;14685,34.00)
(13230;10397,31.00)
(12478;11298,1.00)
(12266;12896,76.00)
(15304;13198,7.00)
(13367;11298,31.00)
(14057;14908,0.00)
(14696;13487,0.00)
(11292;13204,189.00)
(14771;13476,186.00)
(12478;10732,5.00)
(10980;11298,44.00)
(13930;10990,173.00)
(14027;11618,153.00)
(11884;11292,58.00)
(12478;14747,136.00)
(10397;13795,33.00)
(13871;14107,3.00)
(11292;13264,84.00)
(11995;10397,31.00)
(13204;11986,141.00)
(10713;11292,110.00)
(11292;14108,-1.00)
(10821;10529,293.00)
(14321;10821,148.00)
(10821;13232,59.00)
(11298;10140,42.00)
(12889;12264,27.00)
(10397;14730,46.00)
(10397;14574,17.00)
(13487;13198,88.00)
(13487;14492,41.00)
(11292;10821,310.00)
(11292;12339,68.00)
(12954;10423,6.00)
(14679;15376,62.00)
(13204;13230,0.00)
(14771;12266,177.00)
(12889;10279,0.00)
(11066;13232,107.00)
(11298;12478,12.00)
(11612;13930,149.00)
(14107;13891,97.00)
(11433;15016,27.00)
(13232;14869,46.00)
(14814;12266,25.00)
(11292;14869,173.00)
(11259;14679,10.00)
(11618;10397,296.00)
(10551;10299,24.00)
(13930;10721,223.00)
(14576;12953,232.00)
(15304;14683,33.00)
(11193;14771,0.00)
(12953;13296,94.00)
(12266;14122,10.00)
(13930;11003,148.00)
(14869;11092,0.00)
(11042;11618,20.00)
(10299;13873,0.00)
(12217;11433,0.00)
(11697;14107,21.00)
(11298;14108,30.00)
(14635;11721,0.00)
(12953;10868,113.00)
(13796;12954,5.00)
(11193;10397,4.00)
(14747;11109,73.00)
(11503;12266,44.00)
(11298;12094,25.00)
(12266;11996,13.00)
(11298;12339,144.00)
(10208;10397,424.00)
(14869;14679,103.00)
(12173;14747,80.00)
(12451;10397,98.00)
(10561;14771,10.00)
(13422;12266,142.00)
(10693;14869,21.00)
(12191;11481,19.00)
(14869;12266,105.00)
(14747;13871,140.00)
(14321;12478,146.00)
(10397;12264,71.00)
(11057;11292,66.00)
(12266;14524,81.00)
(14831;13891,62.00)
(14843;15304,161.00)
(14576;13204,0.00)
(10821;13342,28.00)
(14893;14869,165.00)
(12266;13891,27.00)
(15376;14057,138.00)
(10397;12323,95.00)
(13296;10397,0.00)
(12892;14893,74.00)
(11778;11298,55.00)
(14771;13388,27.00)
(10693;11057,35.00)
(13303;13931,6.00)
(10821;15016,118.00)
(11433;14057,0.00)
(14908;11292,136.00)
(10397;13029,5.00)
(10529;11057,171.00)
(10693;12889,0.00)
(14679;10140,15.00)
(11433;11823,0.00)
(12892;11603,5.00)
(11066;12264,9.00)
(11298;12896,81.00)
(11193;12892,0.00)
(11259;15304,14.00)
(11193;14869,0.00)
(13930;14952,51.00)
(12264;11996,0.00)
(15376;14107,105.00)
(10693;14100,48.00)
(14574;10397,93.00)
(10423;11618,7.00)
(14771;13232,72.00)
(14574;13930,6.00)
(10721;11433,161.00)
(13204;11193,21.00)
(10693;11042,181.00)
(11292;10713,91.00)
(15304;12339,8.00)
(14747;13204,5.00)
(13198;14679,0.00)
(10529;13930,152.00)
(11308;10397,54.00)
(10994;13930,36.00)
(14747;12889,144.00)
(12896;11298,156.00)
(12266;11042,66.00)
(12478;14893,10.00)
(14679;14683,71.00)
(14107;15376,31.00)
(10397;14783,49.00)
(11298;10627,90.00)
(11066;12266,40.00)
(11433;14576,109.00)
(10431;10397,220.00)
(14027;12266,16.00)
(11423;13930,133.00)
(11042;14635,0.00)
(13232;13495,106.00)
(10397;14633,8.00)
(13198;13232,63.00)
(10397;10693,88.00)
(14679;10713,52.00)
(15376;12266,238.00)
(14679;11433,10.00)
(10185;10397,239.00)
(14771;14262,76.00)
(11292;10599,31.00)
(11721;13487,79.00)
(14771;10299,0.00)
(14747;11697,0.00)
(14771;11193,0.00)
(14492;13232,175.00)
(10849;13487,0.00)
(15304;12898,94.00)
(13232;10397,127.00)
(10821;14576,64.00)
(13891;14057,0.00)
(14107;13495,24.00)
(11259;10279,41.00)
(14570;13930,0.00)
(13198;10721,8.00)
(12012;11292,268.00)
(12892;11618,135.00)
(14831;13930,61.00)
(11503;11618,90.00)
(10397;15249,34.00)
(12177;12266,184.00)
(13871;15016,4.00)
(10693;14492,71.00)
(11042;15304,29.00)
(11057;12451,118.00)
(12264;15024,1.00)
(11057;13232,44.00)
(12451;12478,178.00)
(11540;12889,155.00)
(11433;14747,231.00)
(10397;12992,31.00)
(13930;11278,396.00)
(14027;12264,48.00)
(12889;14107,160.00)
(14730;10397,98.00)
(13796;13830,73.00)
(14869;14543,0.00)
(10529;13204,26.00)
(10397;13377,161.00)
(11433;14107,113.00)
(13303;15027,12.00)
(14107;13871,42.00)
(10781;10397,178.00)
(14869;10918,15.00)
(14679;12191,79.00)
(12197;14635,62.00)
(11298;12953,64.00)
(15016;14869,0.00)
(10397;14635,119.00)
(13930;12448,0.00)
(14457;14869,11.00)
(12889;10792,22.00)
(13851;14107,79.00)
(11298;13244,171.00)
(14952;13930,40.00)
(13232;13871,56.00)
(12954;12889,58.00)
(11638;14771,66.00)
(10408;10397,24.00)
(10874;14635,9.00)
(13244;15304,0.00)
(13277;11298,122.00)
(12266;12278,79.00)
(11042;10529,0.00)
(10792;11697,38.00)
(10423;14831,3.00)
(14869;14107,79.00)
(13244;12266,95.00)
(11986;11433,28.00)
(13495;13232,41.00)
(11433;11577,5.00)
(15304;10599,102.00)
(14588;11298,350.00)
(11977;10397,0.00)
(13891;11292,88.00)
(10397;14831,11.00)
(13487;11066,0.00)
(14256;15841,31.00)
(13502;12892,0.00)
(14524;12264,0.00)
(11122;14869,0.00)
(14057;13891,60.00)
(15016;10397,279.00)
(14107;14689,45.00)
(13296;13204,12.00)
(10397;15096,0.00)
(10423;15304,0.00)
(10728;11298,53.00)
(10257;13204,9.00)
(12478;15304,179.00)
(11697;10158,147.00)
(11775;10397,0.00)
(11298;12915,43.00)
(10423;14107,122.00)
(12945;10397,42.00)
(12339;12266,0.00)
(14107;16218,24.00)
(11697;13933,0.00)
(12889;11618,20.00)
(14122;14635,0.00)
(11697;11618,121.00)
(10397;10208,246.00)
(12992;13930,84.00)
(12266;15624,11.00)
(13830;13930,18.00)
(15304;11433,37.00)
(14107;14100,96.00)
(14689;14107,4.00)
(13198;14107,17.00)
(15096;12478,18.00)
(10821;11986,6.00)
(13495;13487,1.00)
(13303;15304,74.00)
(12094;11292,158.00)
(10397;12451,70.00)
(14057;14689,78.00)
(11298;12278,2.00)
(10821;14747,68.00)
(13204;10529,97.00)
(10397;10868,119.00)
(14492;12264,0.00)
(13495;11278,41.00)
(13232;13891,36.00)
(11278;11433,241.00)
(14685;11298,24.00)
(11292;13158,79.00)
(13830;12173,105.00)
(12266;12339,45.00)
(14100;10693,80.00)
(15376;13232,9.00)
(15304;11066,18.00)
(12892;11278,38.00)
(14771;14747,77.00)
(12173;12266,9.00)
(13830;12892,298.00)
(11057;14107,220.00)
(13931;10397,14.00)
(15304;12478,147.00)
(11193;13204,196.00)
(13296;11433,17.00)
(13891;13232,107.00)
(10821;12451,142.00)
(14635;10397,73.00)
(13342;12889,19.00)
(12094;11298,45.00)
(11267;10397,9.00)
(13487;10469,1.00)
(11433;10529,96.00)
(10397;11193,127.00)
(11618;11996,13.00)
(10397;12217,159.00)
(12320;15304,145.00)
(13851;12266,50.00)
(14747;13796,165.00)
(11298;10685,33.00)
(11697;14747,7.00)
(11057;15096,7.00)
(10732;11697,0.00)
(14679;14771,283.00)
(12898;14635,10.00)
(10721;14685,25.00)
(12982;14747,49.00)
(10423;14747,0.00)
(14730;11433,0.00)
(12191;12206,15.00)
(14006;13930,297.00)
(10397;14576,60.00)
(14893;12173,17.00)
(13204;14307,83.00)
(12339;15304,21.00)
(14831;14869,84.00)
(10469;13487,0.00)
(13204;10257,20.00)
(11057;14576,18.00)
(11267;13930,95.00)
(14057;12478,20.00)
(13930;12264,71.00)
(13930;11146,9.00)
(11433;11612,17.00)
(13487;12892,95.00)
(12266;12951,92.00)
(11433;11298,532.00)
(10423;10721,7.00)
(10423;11292,160.00)
(15016;12892,242.00)
(14869;14570,6.00)
(13930;13076,68.00)
(13930;11076,69.00)
(14683;11618,0.00)
(11298;11697,107.00)
(14683;11298,157.00)
(13485;13930,142.00)
(13796;11292,84.00)
(13577;11697,0.00)
(14570;12892,97.00)
(12982;14831,142.00)
(12173;14057,45.00)
(15582;14869,0.00)
(14831;14908,21.00)
(13029;13930,31.00)
(11042;12264,89.00)
(14783;13930,58.00)
(14679;12478,72.00)
(10397;13487,119.00)
(12266;10599,103.00)
(12266;10821,60.00)
(11278;12953,64.00)
(12266;13495,58.00)
(11278;14100,70.00)
(11292;14492,9.00)
(13303;14107,24.00)
(12758;14771,0.00)
(12953;10994,198.00)
(11618;13198,22.00)
(11278;13930,292.00)
(11638;12892,46.00)
(14893;13930,8.00)
(12953;15096,5.00)
(12266;10423,138.00)
(13487;13851,0.00)
(12953;13931,12.00)
(13232;14122,38.00)
(12217;13930,60.00)
(11259;10693,33.00)
(13930;14574,109.00)
(15412;12953,41.00)
(11433;15380,223.00)
(11292;12441,107.00)
(11292;10397,146.00)
(14122;12266,64.00)
(11413;11298,142.00)
(12889;10800,70.00)
(13930;13487,140.00)
(13232;12953,153.00)
(15841;14256,0.00)
(11618;12339,35.00)
(11298;10821,86.00)
(11697;15016,22.00)
(12173;11292,0.00)
(14683;14679,0.00)
(11298;15370,140.00)
(11603;14771,88.00)
(14107;13303,237.00)
(10397;11641,41.00)
(14689;14057,0.00)
(14262;14771,129.00)
(11292;13367,90.00)
(13487;13204,91.00)
(13487;14869,14.00)
(11618;11697,74.00)
(11423;12889,0.00)
(10721;11697,69.00)
(11292;11637,127.00)
(12892;13342,0.00)
(14747;12892,65.00)
(13029;10397,12.00)
(14635;10874,18.00)
(14771;15016,169.00)
(14492;13487,2.00)
(14057;10397,0.00)
(13930;11775,77.00)
(14252;11292,21.00)
(11298;14814,63.00)
(11618;12173,34.00)
(14679;13198,16.00)
(14771;11603,94.00)
(10739;12343,0.00)
(13198;13487,6.00)
(14771;11298,118.00)
(10821;14679,37.00)
(12953;11267,71.00)
(14122;12264,52.00)
(11433;15304,76.00)
(14771;11292,214.00)
(14683;15304,2.00)
(15027;11057,22.00)
(11433;13230,91.00)
(12892;11041,24.00)
(10868;13930,21.00)
(11292;11884,58.00)
(13930;14679,267.00)
(10821;14307,25.00)
(14771;10372,136.00)
(13796;14747,54.00)
(15412;10397,11.00)
(13851;11292,97.00)
(14869;13485,13.00)
(12478;15096,92.00)
(14730;10821,53.00)
(13495;10693,9.00)
(11977;13930,102.00)
(13930;14006,15.00)
(15304;11721,27.00)
(13891;12266,3.00)
(10693;11259,0.00)
(11042;15016,25.00)
(14100;15016,24.00)
(12266;13871,36.00)
(10721;14492,68.00)
(13487;10627,272.00)
(11697;10721,21.00)
(11697;10732,0.00)
(12889;15016,116.00)
(11278;11697,254.00)
(11298;13891,33.00)
(14831;12173,17.00)
(14771;15041,27.00)
(11259;15016,103.00)
(12173;14831,17.00)
(15370;14107,21.00)
(12339;11292,112.00)
(11057;12264,58.00)
(13970;10299,375.00)
(14771;13964,30.00)
(14869;11603,12.00)
(10721;15024,37.00)
(10800;13796,176.00)
(11540;10397,4.00)
(13796;13232,19.00)
(14730;12953,45.00)
(10685;13487,27.00)
(14679;10821,56.00)
(11641;10397,85.00)
(13930;14633,59.00)
(13303;11193,12.00)
(11066;15304,4.00)
(11067;13930,94.00)
(14107;14869,160.00)
(14576;13930,132.00)
(15304;10423,8.00)
(10821;13487,0.00)
(12953;13577,104.00)
(11697;13487,57.00)
(10821;10693,44.00)
(13487;14520,49.00)
(14683;13487,3.00)
(12191;15304,9.00)
(14771;14107,58.00)
(11298;14843,70.00)
(13930;11267,218.00)
(13204;15070,189.00)
(14057;14771,93.00)
(12478;14321,97.00)
(12889;13342,31.00)
(10821;14635,185.00)
(10397;10408,33.00)
(12339;12264,12.00)
(13303;13487,52.00)
(15380;11433,20.00)
(13930;12945,26.00)
(12266;12953,331.00)
(10821;14321,41.00)
(14908;14057,87.00)
(12173;12758,59.00)
(13930;14107,240.00)
(12478;13931,16.00)
(12478;11292,0.00)
(13487;14843,0.00)
(12892;11292,171.00)
(11057;10721,74.00)
(13204;10792,10.00)
(11278;11057,263.00)
(11433;11986,313.00)
(12266;11057,224.00)
(11057;10529,33.00)
(13184;10397,30.00)
(13930;13296,0.00)
(12266;13204,77.00)
(10397;14893,16.00)
(12478;14679,87.00)
(12266;13851,21.00)
(11618;10849,0.00)
(13796;10800,66.00)
(11292;13303,66.00)
(14027;11298,6.00)
(12953;12266,197.00)
(14107;11042,92.00)
(14685;10721,0.00)
(11618;14492,10.00)
(15096;11057,24.00)
(13487;12339,0.00)
(14771;11618,236.00)
(12266;13422,24.00)
(11298;11503,39.00)
(15096;11433,2.00)
(11292;13871,115.00)
(10599;11298,68.00)
(11433;12451,64.00)
(13487;11697,54.00)
(11921;11292,58.00)
(15304;12197,78.00)
(12892;14107,150.00)
(13487;10713,5.00)
(14685;11618,0.00)
(11540;10423,340.00)
(11433;11267,32.00)
(12451;13930,145.00)
(14689;11292,1.00)
(10918;14869,25.00)
(11697;11193,0.00)
(10423;14679,18.00)
(14193;12266,80.00)
(14730;12889,0.00)
(10423;11278,0.00)
(13232;11996,54.00)
(13796;14107,200.00)
(11618;14683,18.00)
(13930;11577,70.00)
(14869;15041,33.00)
(12478;14107,183.00)
(12953;13342,30.00)
(11278;14843,27.00)
(15991;10926,0.00)
(13232;11697,86.00)
(13204;10732,15.00)
(12889;13232,76.00)
(15027;14843,44.00)
(14570;14869,12.00)
(13495;13342,0.00)
(11995;12953,46.00)
(10693;12478,2.00)
(11003;13930,157.00)
(12266;10397,110.00)
(13230;13930,73.00)
(11697;10529,41.00)
(11986;10821,4.00)
(13487;13871,9.00)
(13891;14107,25.00)
(14771;10721,96.00)
(14674;11292,95.00)
(12266;14100,119.00)
(12266;14685,68.00)
(12217;10397,59.00)
(11298;13851,46.00)
(10849;12266,75.00)
(14107;13204,121.00)
(13232;13796,62.00)
(11697;14307,22.00)
(12191;11298,61.00)
(14307;13204,42.00)
(14524;12266,47.00)
(13204;10721,230.00)
(11921;11298,26.00)
(11775;13930,388.00)
(10721;14843,31.00)
(13487;15376,0.00)
(13891;14831,50.00)
(15919;12953,159.00)
(13930;11193,179.00)
(12951;11298,23.00)
(13232;12889,84.00)
(11278;10397,300.00)
(10140;11292,15.00)
(10299;13930,28.00)
(12889;12266,73.00)
(11996;12266,3.00)
(11982;10397,8.00)
(14307;11697,23.00)
(12892;10721,241.00)
(12892;14570,149.00)
(11637;13487,35.00)
(11292;11097,25.00)
(11278;13204,129.00)
(11298;11413,40.00)
(15249;10397,138.00)
(10397;11953,86.00)
(11433;11292,75.00)
(13487;13495,0.00)
(11618;11057,34.00)
(10397;13342,24.00)
(12266;11259,95.00)
(14679;11057,17.00)
(12441;11298,4.00)
(10994;12478,168.00)
(12992;10397,33.00)
(14107;13930,130.00)
(13303;15016,34.00)
(12954;12478,31.00)
(12892;11540,81.00)
(14771;11638,82.00)
(11618;12441,56.00)
(13476;14771,159.00)
(10792;12478,91.00)
(12953;14635,135.00)
(14747;12478,33.00)
(13930;11823,129.00)
(14814;11292,14.00)
(13931;10821,23.00)
(13204;11618,133.00)
(11278;14027,107.00)
(11292;14100,125.00)
(11697;10257,0.00)
(12264;12339,8.00)
(11066;11618,61.00)
(10721;12953,109.00)
(13303;10721,77.00)
(11298;10155,74.00)
(11109;14747,531.00)
(14256;12523,0.00)
(11298;11109,38.00)
(13795;10397,82.00)
(12191;10693,41.00)
(11298;12511,47.00)
(11057;12266,90.00)
(13232;14492,95.00)
(11618;14524,36.00)
(11292;11057,26.00)
(10397;11982,148.00)
(15370;12266,68.00)
(15016;13204,12.00)
(12266;15376,76.00)
(12003;11292,38.00)
(10821;12992,114.00)
(15041;14771,46.00)
(12278;11292,38.00)
(12266;14814,52.00)
(10990;13930,81.00)
(12266;10140,67.00)
(14635;12953,68.00)
(13930;14262,0.00)
(15356;13232,11.00)
(11618;12892,146.00)
(13930;14457,0.00)
(11057;15304,124.00)
(11057;14635,14.00)
(10693;10821,76.00)
(12094;14747,84.00)
(11537;10397,10.00)
(16218;14107,171.00)
(13303;11298,66.00)
(10397;15027,0.00)
(11057;14679,39.00)
(15070;11697,24.00)
(14321;11057,2.00)
(10397;14307,22.00)
(10713;14679,14.00)
(10693;13198,37.00)
(11066;15016,67.00)
(13495;15304,61.00)
(13204;14679,5.00)
(11618;10434,0.00)
(11298;15411,149.00)
(12945;11433,33.00)
(11292;13198,236.00)
(14576;10821,34.00)
(11884;14107,31.00)
(14307;11057,44.00)
(11618;11433,60.00)
(10994;12953,143.00)
(14100;11292,56.00)
(10785;12478,34.00)
(14107;12191,63.00)
(12391;15304,85.00)
(15380;13930,152.00)
(11433;11995,0.00)
(13796;12758,0.00)
(12889;10257,2.00)
(14679;10423,41.00)
(13930;11977,113.00)
(14122;11292,367.00)
(13303;10529,23.00)
(10397;10781,200.00)
(12448;13930,10.00)
(15096;12953,14.00)
(14679;12889,107.00)
(13204;13485,111.00)
(14107;12892,93.00)
(12478;10721,150.00)
(15412;13930,142.00)
(12191;11292,48.00)
(12266;13158,40.00)
(12191;11618,167.00)
(15411;11298,200.00)
(11298;11042,118.00)
(11292;12478,143.00)
(11298;14588,10.00)
(11057;14747,28.00)
(13198;11298,97.00)
(10397;11278,103.00)
(10423;10693,33.00)
(10397;10529,61.00)
(12953;12264,118.00)
(12478;14831,0.00)
(14869;11865,17.00)
(11618;14685,24.00)
(14747;13198,1.00)
(11109;12266,22.00)
(11433;13296,0.00)
(14492;15304,8.00)
(12758;13796,120.00)
(11203;13930,88.00)
(10397;14321,1.00)
(15356;13487,316.00)
(13486;11292,88.00)
(11433;13232,78.00)
(10397;13360,9.00)
(10821;13296,38.00)
(11986;13204,0.00)
(11433;10408,96.00)
(13930;14307,32.00)
(10397;11481,31.00)
(10599;15304,5.00)
(10713;13487,94.00)
(14635;13930,362.00)
(14869;13487,11.00)
(14771;14057,56.00)
(13891;14893,118.00)
(10529;13303,0.00)
(13487;10849,0.00)
(15304;13303,68.00)
(13232;13204,48.00)
(14679;13303,6.00)
(13930;12992,205.00)
(11298;11905,92.00)
(15356;15304,36.00)
(12953;15016,383.00)
(10397;15304,48.00)
(11637;11298,64.00)
(15016;11066,45.00)
(11292;12953,220.00)
(13204;11267,0.00)
(12478;10792,128.00)
(11292;10140,120.00)
(14831;10423,14.00)
(12953;10721,209.00)
(11252;10397,0.00)
(11298;13796,18.00)
(11292;15370,89.00)
(13931;13930,69.00)
(10792;11057,18.00)
(13930;11292,371.00)
(11193;13930,94.00)
(15370;11298,27.00)
(12953;13487,55.00)
(11292;15376,80.00)
(14771;14893,135.00)
(13871;13232,34.00)
(14747;14100,13.00)
(11298;13871,23.00)
(12451;11697,45.00)
(14027;11278,228.00)
(10140;13487,24.00)
(11292;11433,167.00)
(10721;14771,179.00)
(11540;12892,3.00)
(10721;10821,150.00)
(13871;11292,93.00)
(14027;11292,43.00)
(15304;10397,43.00)
(11995;13303,14.00)
(12441;11618,2.00)
(11433;13485,227.00)
(11986;13930,148.00)
(12206;10423,0.00)
(11278;12478,170.00)
(12892;13476,32.00)
(12478;10994,4.00)
(15304;10821,51.00)
(10158;11697,16.00)
(13851;11298,86.00)
(11618;13495,151.00)
(10739;13487,3.00)
(13487;14524,28.00)
(10529;14027,141.00)
(10721;12892,98.00)
(14679;13930,456.00)
(13232;14771,55.00)
(11259;12992,45.00)
(15304;12953,166.00)
(13076;13930,47.00)
(15624;11298,67.00)
(13360;10397,319.00)
(14635;12898,0.00)
(13930;15919,119.00)
(13495;14107,0.00)
(14783;10397,135.00)
(10299;12889,38.00)
(14843;15027,0.00)
(14869;15016,10.00)
(11697;10792,36.00)
(13930;10372,92.00)
(13198;11292,53.00)
(11337;13930,16.00)
(12266;11433,164.00)
(14747;15376,0.00)
(15304;12191,29.00)
(11433;12884,0.00)
(14771;10561,89.00)
(14747;12094,20.00)
(12266;12441,0.00)
(11433;13342,88.00)
(12264;12889,20.00)
(11278;10874,0.00)
(10397;13230,35.00)
(10821;10792,104.00)
(11057;11193,12.00)
(11278;14771,0.00)
(13198;14057,0.00)
(14122;13487,91.00)
(13796;14679,109.00)
(11292;14814,58.00)
(13930;11986,122.00)
(15304;15356,29.00)
(10155;11298,70.00)
(11612;11433,10.00)
(13891;14747,0.00)
(14633;10397,78.00)
(10599;13232,34.00)
(15370;11618,0.00)
(11433;11003,9.00)
(10397;10990,102.00)
(11433;12266,62.00)
(12441;14747,0.00)
(13204;14747,34.00)
(14843;11618,208.00)
(11697;12264,60.00)
(12896;11292,170.00)
(14524;13487,100.00)
(15096;10397,15.00)
(10268;13930,43.00)
(11278;10423,11.00)
(12953;14576,116.00)
(14698;14107,47.00)
(15497;12264,0.00)
(10821;10257,103.00)
(13303;14747,36.00)
(14869;10693,45.00)
(11057;10994,0.00)
(12278;11298,468.00)
(12953;15304,113.00)
(11259;14107,19.00)
(10620;14869,11.00)
(13342;11433,191.00)
(10397;11986,33.00)
(14747;12173,190.00)
(13930;11618,317.00)
(14057;13198,3.00)
(11298;12892,110.00)
(10821;11267,14.00)
(13342;13204,43.00)
(13487;10685,241.00)
(13232;15356,95.00)
(13930;15096,110.00)
(12266;14869,29.00)
(14576;11433,111.00)
(13296;10821,84.00)
(11298;13495,102.00)
(14747;14689,39.00)
(10397;11540,16.00)
(14869;11298,117.00)
(13851;13487,14.00)
(10408;11433,17.00)
(14520;13487,23.00)
(14814;11298,152.00)
(13930;14783,200.00)
(14307;10821,115.00)
(13204;12264,23.00)
(11648;13487,0.00)
(10529;11433,15.00)
(13487;13930,175.00)
(13930;10408,146.00)
(13930;12217,154.00)
(14683;12266,355.00)
(13487;14771,183.00)
(12892;10693,77.00)
(12266;13244,188.00)
(14747;10423,8.00)
(13930;15380,199.00)
(10721;13204,85.00)
(11076;13930,128.00)
(13930;14730,46.00)
(12889;12992,0.00)
(13232;10821,48.00)
(15016;13871,68.00)
(11697;15304,29.00)
(15096;13930,109.00)
(10821;12266,67.00)
(12953;10693,70.00)
(11292;12012,154.00)
(12264;14524,50.00)
(12892;14747,96.00)
(12478;10693,30.00)
(13796;14057,7.00)
(13577;10397,206.00)
(14027;10158,10.00)
(10800;14869,0.00)
(14869;14057,19.00)
(15016;13930,112.00)
(11618;13204,149.00)
(10693;13204,15.00)
(13930;15412,117.00)
(14831;10397,239.00)
(11292;10874,0.00)
(10397;14679,56.00)
(14843;11298,0.00)
(14492;11292,2.00)
(14831;12889,188.00)
(14683;11540,11.00)
(12264;14027,0.00)
(14689;14747,52.00)
(14100;12451,35.00)
(13204;13933,0.00)
(13930;10994,37.00)
(12478;11278,109.00)
(11298;10423,123.00)
(10431;13930,17.00)
(13487;10397,118.00)
(12889;13487,83.00)
(14679;10397,40.00)
(15370;15016,46.00)
(13830;12982,25.00)
(13930;13830,0.00)
(10279;12889,0.00)
(13930;11537,64.00)
(14107;15370,88.00)
(12451;12191,0.00)
(13204;13232,47.00)
(12892;12758,148.00)
(12197;15304,20.00)
(11433;11423,21.00)
(11057;11278,114.00)
(10397;13931,23.00)
(14492;10721,59.00)
(14057;12173,36.00)
(13232;10140,0.00)
(15411;12266,54.00)
(11618;13930,213.00)
(11618;14869,103.00)
(10397;13502,0.00)
(14122;10693,0.00)
(14986;10721,0.00)
(13487;12889,149.00)
(11697;13577,78.00)
(14747;13891,15.00)
(13487;11721,0.00)
(11057;10792,12.00)
(13930;15016,229.00)
(14869;11638,68.00)
(14100;10721,292.00)
(12264;12478,53.00)
(12953;10792,51.00)
(13930;14893,34.00)
(10397;10721,164.00)
(12094;12266,41.00)
(11267;10821,0.00)
(12191;10994,13.00)
(13851;13232,30.00)
(10397;12448,97.00)
(13930;10868,72.00)
(14747;12982,22.00)
(13931;13303,35.00)
(12953;11292,107.00)
(11274;13930,111.00)
(11292;12892,246.00)
(14869;12156,0.00)
(14635;12339,147.00)
(15376;11292,74.00)
(11292;12278,31.00)
(11433;12217,51.00)
(11884;14747,348.00)
(10721;14524,84.00)
(10397;12945,136.00)
(12889;14893,48.00)
(12266;12892,116.00)
(15016;11042,5.00)
(11298;10728,36.00)
(10785;11433,117.00)
(14635;11042,7.00)
(14869;10620,16.00)
(10868;10397,186.00)
(12953;12992,138.00)
(10990;12953,113.00)
(14771;10800,66.00)
(12266;14908,9.00)
(11618;14771,83.00)
(10397;11146,20.00)
(10158;13204,173.00)
(10397;11298,158.00)
(12892;15016,21.00)
(10666;12173,0.00)
(11433;13931,8.00)
(12884;13930,30.00)
(12264;14685,201.00)
(11697;13342,3.00)
(13264;11292,13.00)
(14057;12892,2.00)
(14908;14747,78.00)
(12173;14893,0.00)
(13930;13230,124.00)
(14107;14683,42.00)
(12266;11697,60.00)
(13487;13433,14.00)
(14307;10397,21.00)
(13930;13290,45.00)
(14057;13796,64.00)
(12892;11193,8.00)
(15070;13204,0.00)
(15016;14771,5.00)
(14492;10693,43.00)
(13198;11278,0.00)
(14893;10397,66.00)
(10693;12953,134.00)
(12892;13502,137.00)
(13303;15249,16.00)
(11298;13367,152.00)
(10397;11775,87.00)
(14107;11884,117.00)
(10397;11618,151.00)
(10627;13487,46.00)
(15376;14679,201.00)
(10158;14027,0.00)
(14027;10529,73.00)
(11953;13303,0.00)
(14747;13303,0.00)
(15016;13851,0.00)
(10423;12206,2.00)
(12892;12266,111.00)
(11193;12953,223.00)
(10685;11298,23.00)
(11433;13487,41.00)
(13502;10397,0.00)
(11433;10792,96.00)
(12264;10397,71.00)
(12094;11618,87.00)
(14635;10821,95.00)
(11066;10693,87.00)
(14107;14771,134.00)
(14570;12889,46.00)
(14843;12264,37.00)
(13930;13344,81.00)
(10397;14057,5.00)
(10299;14771,38.00)
(10693;13495,31.00)
(10299;10926,151.00)
(11433;14150,5.00)
(13198;11618,189.00)
(12889;14831,41.00)
(15376;13487,25.00)
(13344;13930,123.00)
(14057;14869,51.00)
(14107;10397,445.00)
(10257;11057,0.00)
(12191;11278,12.00)
(10721;11057,81.00)
(11577;13930,135.00)
(13930;12266,284.00)
(14747;14908,62.00)
(11003;10397,138.00)
(14771;11278,138.00)
(14107;11697,29.00)
(10990;10397,44.00)
(13342;10821,16.00)
(12889;11292,106.00)
(12266;14027,28.00)
(13342;11042,10.00)
(13930;10785,89.00)
(12266;14193,24.00)
(13487;11057,170.00)
(12266;11066,30.00)
(11618;11503,0.00)
(10849;11292,57.00)
(10721;13303,69.00)
(11298;14960,200.00)
(13930;12884,47.00)
(10372;12892,68.00)
(11481;10397,387.00)
(10397;13232,76.00)
(13232;12191,63.00)
(10397;15016,74.00)
(14869;14747,65.00)
(11618;12889,29.00)
(11537;13930,7.00)
(12191;14679,10.00)
(10926;10299,31.00)
(12889;11298,715.00)
(10994;13303,18.00)
(14683;15016,49.00)
(12954;14771,25.00)
(14747;12441,320.00)
(14960;11298,104.00)
(15016;14683,0.00)
(11259;11292,28.00)
(11042;13232,79.00)
(11298;12441,28.00)
(14107;10423,22.00)
(15024;10721,30.00)
(11298;14492,52.00)
(15304;10874,0.00)
(13930;13342,215.00)
(13244;13232,36.00)
(14679;14869,12.00)
(12889;11193,17.00)
