(13264;14771,88.00)
(12892;13851,7.00)
(13303;10821,7.00)
(12191;14908,0.00)
(12197;11433,5.00)
(13851;12889,0.00)
(12953;13303,88.00)
(12892;12094,48.00)
(14747;10666,20.00)
(12953;11433,5.00)
(14489;12892,11.00)
(10423;12892,77.00)
(12478;14986,0.00)
(10397;11503,41.00)
(12478;12889,80.00)
(13198;13495,42.00)
(10136;11298,64.00)
(10333;11433,54.00)
(10693;15304,0.00)
(11423;13232,40.00)
(10792;11618,0.00)
(15024;14843,17.00)
(11697;10821,9.00)
(14027;10397,7.00)
(12758;14831,88.00)
(14869;11525,59.00)
(12266;14262,12.00)
(11618;10732,5.00)
(12953;11066,87.00)
(11292;12255,15.00)
(12478;14027,7.00)
(14683;11433,8.00)
(12889;13891,94.00)
(13830;14057,0.00)
(13198;11259,9.00)
(10821;14027,94.00)
(13495;11697,9.00)
(10299;14747,9.00)
(11697;11042,4.00)
(11259;10821,9.00)
(11298;15249,55.00)
(15356;14027,132.00)
(13204;10685,81.00)
(11292;12280,94.00)
(10721;11618,6.00)
(14679;14747,84.00)
(13487;11003,206.00)
(11697;14771,4.00)
(10800;14107,9.00)
(14730;15304,0.00)
(13342;11618,27.00)
(13198;12889,5.00)
(12889;13851,8.00)
(11292;11423,3.00)
(11109;12892,48.00)
(12264;13487,5.00)
(12889;15376,9.00)
(14709;10754,4.00)
(11433;14122,0.00)
(14908;14869,65.00)
(13796;12478,0.00)
(12451;10721,77.00)
(15041;11292,0.00)
(13232;14730,9.00)
(13830;14893,2.00)
(12478;13495,3.00)
(10821;12339,62.00)
(15370;11433,7.00)
(10620;13487,1.00)
(10693;14679,7.00)
(12191;14193,17.00)
(15401;11298,36.00)
(10397;11617,0.00)
(14869;14113,5.00)
(12889;10713,9.00)
(13487;11337,0.00)
(14100;13303,98.00)
(12892;11884,9.00)
(10821;14122,8.00)
(11298;14747,92.00)
(15370;11259,66.00)
(10140;12478,24.00)
(10423;10397,95.00)
(12892;10397,9.00)
(13930;15008,76.00)
(15991;12523,0.00)
(11292;12888,49.00)
(11996;13930,21.00)
(10140;13198,40.00)
(12266;11618,62.00)
(14869;13486,7.00)
(11433;10599,21.00)
(11433;14492,0.00)
(13232;14057,0.00)
(14524;11433,8.00)
(11618;15412,32.00)
(11292;11278,9.00)
(13930;12173,5.00)
(12889;11721,0.00)
(11259;11697,35.00)
(13796;12191,9.00)
(11778;10397,8.00)
(12889;13495,9.00)
(12951;10397,4.00)
(11298;13485,32.00)
(12953;11042,9.00)
(10821;10397,98.00)
(13303;14843,80.00)
(11697;11433,9.00)
(13930;14711,6.00)
(13871;14869,7.00)
(14698;12892,61.00)
(12953;13930,9.00)
(15304;10158,0.00)
(12892;10140,9.00)
(10821;11433,9.00)
(11986;12266,19.00)
(13204;14254,0.00)
(15356;14492,71.00)
(11982;11298,9.00)
(12892;14027,6.00)
(14689;12892,9.00)
(11298;15919,95.00)
(14057;13830,0.00)
(14107;10792,0.00)
(13342;10721,21.00)
(11637;14869,5.00)
(10821;13796,70.00)
(11618;15096,0.00)
(13204;14843,91.00)
(10599;12953,9.00)
(11278;11298,67.00)
(11267;13487,14.00)
(13204;11721,2.00)
(14100;14843,84.00)
(10397;15624,5.00)
(12451;12266,8.00)
(12889;13303,44.00)
(14771;10140,5.00)
(14107;13476,7.00)
(10994;10693,96.00)
(12266;13931,5.00)
(14747;14893,5.00)
(14635;11292,79.00)
(13487;15919,10.00)
(14843;11057,13.00)
(15412;11618,0.00)
(15096;12264,0.00)
(13303;11057,6.00)
(14107;14570,71.00)
(12892;13198,37.00)
(14771;14487,49.00)
(14771;12982,0.00)
(14893;10800,6.00)
(10721;11278,95.00)
(13930;11066,90.00)
(12889;12191,5.00)
(13232;11618,27.00)
(12892;11503,81.00)
(15376;10397,5.00)
(14771;11259,90.00)
(14869;14100,0.00)
(12191;12953,74.00)
(10599;10397,9.00)
(12266;14107,9.00)
(13204;12892,82.00)
(11292;14570,86.00)
(12892;10713,76.00)
(12191;11697,9.00)
(11292;12156,6.00)
(12264;11298,22.00)
(14771;12892,9.00)
(12889;12278,31.00)
(14747;12758,45.00)
(11775;11292,63.00)
(12339;10821,9.00)
(12391;11697,0.00)
(10994;11278,27.00)
(13930;13422,0.00)
(12892;13796,91.00)
(11042;11057,6.00)
(11298;12266,9.00)
(12264;14576,72.00)
(10140;14771,5.00)
(12892;14698,6.00)
(12339;11697,0.00)
(10721;11193,1.00)
(10397;14492,94.00)
(15919;13487,8.00)
(10397;13244,8.00)
(13930;11996,86.00)
(14254;13204,2.00)
(11433;13198,40.00)
(10800;11292,373.00)
(11298;13502,38.00)
(14635;13487,7.00)
(12266;11973,46.00)
(10135;10397,20.00)
(13204;12889,0.00)
(11292;14288,59.00)
(13796;10713,5.00)
(13930;10849,0.00)
(11066;12892,0.00)
(12007;10397,80.00)
(10721;11292,9.00)
(13232;14679,42.00)
(14679;11298,9.00)
(11057;12478,9.00)
(12191;13204,62.00)
(14107;10721,5.00)
(13487;13485,0.00)
(10561;11292,64.00)
(11298;15401,12.00)
(13930;10423,77.00)
(14107;14747,8.00)
(11298;14107,9.00)
(12953;10599,57.00)
(10397;12197,86.00)
(10693;12451,95.00)
(14843;13303,89.00)
(11292;14635,7.00)
(14107;11638,9.00)
(11292;10800,81.00)
(11433;10434,1.00)
(11292;11995,0.00)
(14107;14831,9.00)
(14747;11292,9.00)
(10713;12892,79.00)
(10800;14893,86.00)
(11721;10821,0.00)
(11122;11292,412.00)
(10713;14869,53.00)
(15096;11618,0.00)
(14893;12954,0.00)
(15048;13930,133.00)
(11298;11193,8.00)
(10397;14108,4.00)
(12478;11066,42.00)
(14893;14747,79.00)
(14771;13495,51.00)
(13303;12889,84.00)
(10397;14696,168.00)
(14492;11433,39.00)
(11648;13930,40.00)
(15412;11292,99.00)
(10397;14869,9.00)
(14685;12953,53.00)
(11292;13485,92.00)
(14492;12953,81.00)
(12892;14100,8.00)
(13930;14108,48.00)
(12266;14831,0.00)
(11995;11618,66.00)
(11292;11315,5.00)
(13204;10423,55.00)
(14843;13930,7.00)
(11433;14027,0.00)
(11986;14635,4.00)
(11259;13158,43.00)
(10397;11066,8.00)
(14843;11433,0.00)
(15304;13296,9.00)
(14057;13487,42.00)
(14100;14683,391.00)
(12264;11292,91.00)
(12889;10397,9.00)
(12982;12892,13.00)
(10721;14747,67.00)
(10874;13204,4.00)
(13930;10627,2.00)
(10397;10135,23.00)
(13485;11298,80.00)
(13342;13487,4.00)
(11259;13198,8.00)
(11630;14747,6.00)
(10397;11109,89.00)
(11259;14683,8.00)
(12197;10397,9.00)
(13487;10529,8.00)
(12992;12266,71.00)
(13495;14100,12.00)
(14107;10800,63.00)
(13871;12889,4.00)
(12339;13930,84.00)
(15016;10693,7.00)
(14057;14262,4.00)
(11292;12217,19.00)
(10666;14747,12.00)
(10397;14098,9.00)
(14771;14100,9.00)
(14908;13930,77.00)
(11433;14869,54.00)
(11292;11122,98.00)
(12889;13796,8.00)
(12266;13377,9.00)
(11433;11996,0.00)
(13264;14869,0.00)
(11292;14057,90.00)
(11540;14107,95.00)
(14100;13204,89.00)
(11867;11298,7.00)
(11697;11057,2.00)
(11292;10620,6.00)
(11977;13487,253.00)
(11193;13485,40.00)
(14107;10299,17.00)
(13303;15024,90.00)
(12889;13158,76.00)
(12441;12892,85.00)
(11315;13487,5.00)
(12992;11298,38.00)
(13930;14986,0.00)
(13930;10469,84.00)
(14570;13487,0.00)
(13204;11057,8.00)
(11433;13204,8.00)
(11298;11612,6.00)
(10693;12264,0.00)
(15304;10257,12.00)
(10397;13796,23.00)
(13930;13459,175.00)
(14635;13232,72.00)
(10397;13198,95.00)
(12266;15016,73.00)
(13303;13930,96.00)
(14869;15376,59.00)
(14869;14252,5.00)
(13204;14771,50.00)
(14107;13232,9.00)
(13198;12953,15.00)
(12889;13930,87.00)
(12266;10279,26.00)
(11618;10994,31.00)
(12896;11259,8.00)
(11721;12889,0.00)
(15024;11057,4.00)
(11298;11140,9.00)
(13487;14570,0.00)
(11292;15412,0.00)
(11618;11986,32.00)
(13495;11259,9.00)
(11433;10397,9.00)
(14262;14747,95.00)
(10821;14100,0.00)
(13232;11423,88.00)
(10146;10397,6.00)
(14492;10821,87.00)
(14027;10821,9.00)
(12197;11697,44.00)
(12266;10747,8.00)
(12953;11057,8.00)
(14492;11057,7.00)
(13487;10620,38.00)
(13796;13930,1.00)
(10980;11433,40.00)
(10397;14711,3.00)
(13377;11298,8.00)
(12003;14869,6.00)
(14683;12892,86.00)
(10693;10721,106.00)
(14869;12441,36.00)
(14730;12266,8.00)
(10994;12264,45.00)
(10397;10731,187.00)
(11697;14100,95.00)
(12892;10423,8.00)
(13244;13303,13.00)
(10747;12266,14.00)
(10372;11298,57.00)
(11292;11618,75.00)
(14771;10397,5.00)
(12478;10821,38.00)
(12266;14057,7.00)
(13198;13930,9.00)
(12266;14679,4.00)
(12953;10397,9.00)
(12339;12478,203.00)
(14492;13303,9.00)
(14747;11298,6.00)
(13232;14635,98.00)
(11057;13198,9.00)
(12264;13232,22.00)
(14262;12266,28.00)
(12389;12266,34.00)
(10158;14635,2.00)
(13487;13076,0.00)
(12953;14122,97.00)
(10423;12889,7.00)
(10821;13303,31.00)
(14869;11648,5.00)
(14107;13487,85.00)
(12191;13198,11.00)
(13851;14869,3.00)
(11433;14524,2.00)
(14107;14730,42.00)
(14252;14869,3.00)
(10781;12266,9.00)
(11042;11433,4.00)
(12982;12173,8.00)
(14869;13198,6.00)
(11259;12953,91.00)
(13930;13303,82.00)
(14107;10693,9.00)
(13342;11298,38.00)
(13930;11109,97.00)
(12173;10397,42.00)
(10397;12094,18.00)
(14633;13487,0.00)
(15016;11278,5.00)
(10721;13487,67.00)
(15016;13342,0.00)
(14869;13264,8.00)
(11697;15024,4.00)
(14869;11097,0.00)
(12892;13204,7.00)
(11298;14842,5.00)
(11146;12266,27.00)
(12953;11259,90.00)
(14869;12478,8.00)
(15370;12889,0.00)
(14492;13204,20.00)
(10627;13930,16.00)
(14262;11298,9.00)
(11292;11193,57.00)
(10747;11298,27.00)
(12888;11292,200.00)
(11423;11298,5.00)
(13198;14771,39.00)
(11292;10561,96.00)
(11057;13204,83.00)
(15370;13930,83.00)
(10693;13232,85.00)
(10257;15304,7.00)
(14057;11292,82.00)
(13930;14100,9.00)
(15304;15016,6.00)
(14893;14679,72.00)
(11057;14027,8.00)
(14747;14831,96.00)
(14492;10397,84.00)
(14869;14908,8.00)
(10754;14709,12.00)
(11697;12391,38.00)
(11259;10423,6.00)
(10721;10693,0.00)
(11298;12217,69.00)
(13796;12892,97.00)
(14831;11298,99.00)
(12217;12266,7.00)
(13891;14869,133.00)
(12889;10140,9.00)
(11042;13204,82.00)
(13204;12320,5.00)
(11057;14771,97.00)
(14057;11278,0.00)
(11292;15919,0.00)
(14635;12264,11.00)
(13930;10599,14.00)
(11986;11193,1.00)
(13931;11298,82.00)
(12953;14100,0.00)
(12266;11986,53.00)
(14570;12266,0.00)
(12278;12892,11.00)
(13487;14635,5.00)
(13891;12889,94.00)
(11298;10279,95.00)
(14570;14107,55.00)
(11292;10279,9.00)
(13232;10529,8.00)
(10397;12278,93.00)
(11049;11298,47.00)
(11618;13342,9.00)
(13930;12892,8.00)
(13198;10397,5.00)
(10397;14683,3.00)
(13232;10693,75.00)
(14747;10721,58.00)
(11618;13485,11.00)
(10693;14107,0.00)
(13930;14869,8.00)
(11292;12451,0.00)
(13198;11697,76.00)
(13342;14107,87.00)
(11292;14262,74.00)
(11447;11292,59.00)
(11973;11298,9.00)
(15024;13930,25.00)
(11057;13495,49.00)
(14679;13487,2.00)
(13303;11066,12.00)
(12339;12889,39.00)
(11298;15304,9.00)
(14027;15356,14.00)
(11109;13930,9.00)
(11298;11823,71.00)
(13487;12884,9.00)
(10397;14524,8.00)
(13830;12402,4.00)
(14869;13796,33.00)
(10397;10434,11.00)
(14783;11292,65.00)
(13851;12191,5.00)
(14107;14057,89.00)
(14122;11057,7.00)
(10397;10849,12.00)
(13487;10408,7.00)
(13796;11259,78.00)
(14027;12953,8.00)
(11986;13487,21.00)
(12758;14747,0.00)
(14027;11433,0.00)
(10980;10397,55.00)
(13930;10397,98.00)
(11057;15024,7.00)
(15304;11986,0.00)
(11298;10781,8.00)
(14771;13851,84.00)
(12266;13061,7.00)
(11057;11433,96.00)
(14771;14908,9.00)
(11921;14869,0.00)
(11986;11618,22.00)
(14869;10713,74.00)
(10792;15304,26.00)
(11259;10599,40.00)
(10713;12889,38.00)
(12478;11503,29.00)
(11433;11066,0.00)
(13495;11057,8.00)
(10423;12191,61.00)
(14747;15304,0.00)
(13871;10397,8.00)
(10821;13204,96.00)
(12758;14057,0.00)
(12892;12339,0.00)
(11433;12889,6.00)
(11193;11618,43.00)
(11042;14492,4.00)
(15919;12266,31.00)
(14635;10529,8.00)
(13204;14683,0.00)
(10874;13930,3.00)
(11298;10372,45.00)
(12758;13830,35.00)
(10397;12892,9.00)
(10821;13244,61.00)
(11292;11003,8.00)
(10781;11298,84.00)
(12892;11259,73.00)
(11298;11067,6.00)
(12191;12339,5.00)
(11697;12339,0.00)
(14771;11042,7.00)
(11587;11433,514.00)
(10721;11298,83.00)
(11109;14869,11.00)
(11433;10874,26.00)
(11057;15356,18.00)
(14814;10397,81.00)
(12953;11697,91.00)
(12889;12478,5.00)
(10397;13851,17.00)
(10561;14107,8.00)
(12892;14771,96.00)
(13830;14747,6.00)
(13930;15370,7.00)
(11697;14524,52.00)
(14730;11618,41.00)
(11986;11292,17.00)
(14122;12191,0.00)
(11433;11587,35.00)
(10372;12266,47.00)
(10821;14492,9.00)
(11503;12892,49.00)
(15919;11292,65.00)
(14679;10693,0.00)
(13204;11433,96.00)
(12266;11140,89.00)
(13930;14683,88.00)
(10397;13367,68.00)
(10423;13930,97.00)
(12451;11292,0.00)
(10732;11618,7.00)
(11146;11298,32.00)
(15370;14869,7.00)
(14635;11298,34.00)
(11433;13851,41.00)
(15919;11298,44.00)
(14679;12264,8.00)
(11697;13930,86.00)
(12892;14489,2.00)
(12451;10693,5.00)
(11298;11111,48.00)
(12173;12016,4.00)
(14307;11618,101.00)
(15356;10397,9.00)
(11278;11618,9.00)
(12478;12339,4.00)
(13830;14107,0.00)
(14100;14869,9.00)
(11057;13244,7.00)
(14107;13342,7.00)
(12478;12191,128.00)
(13198;14869,22.00)
(13930;11648,27.00)
(10721;14057,25.00)
(12889;14492,34.00)
(10165;10299,0.00)
(14193;13303,9.00)
(10721;13232,21.00)
(13342;11278,75.00)
(11697;14122,94.00)
(11721;13930,6.00)
(14869;14771,85.00)
(11066;11057,0.00)
(11042;12892,0.00)
(10779;14869,0.00)
(12448;12266,6.00)
(12266;13487,8.00)
(11292;13029,8.00)
(14869;14683,38.00)
(13303;10397,9.00)
(13930;14524,66.00)
(12343;13487,149.00)
(12266;10994,16.00)
(14100;11057,9.00)
(11618;15919,6.00)
(13342;12266,5.00)
(13303;11503,63.00)
(12896;12889,0.00)
(15024;10397,18.00)
(10800;14831,7.00)
(14730;12264,4.00)
(12892;10821,21.00)
(13871;11433,14.00)
(10874;11433,74.00)
(11298;13931,8.00)
(12339;12191,8.00)
(13487;14893,0.00)
(11066;11697,0.00)
(13851;11433,187.00)
(11996;12191,0.00)
(11298;14635,96.00)
(11298;14831,56.00)
(12523;14828,81.00)
(11775;13487,9.00)
(10397;12191,8.00)
(10397;11057,8.00)
(14524;13204,6.00)
(12892;12441,7.00)
(13930;15295,7.00)
(13487;14831,0.00)
(14747;13232,17.00)
(13930;11057,93.00)
(10821;10423,0.00)
(11278;13342,1.00)
(10821;13198,0.00)
(12889;10423,9.00)
(14107;12758,6.00)
(11697;14492,6.00)
(13256;12266,9.00)
(12889;15370,61.00)
(14492;12892,6.00)
(11433;14771,61.00)
(12191;15370,40.00)
(11697;12898,2.00)
(15304;14307,0.00)
(10397;14027,9.00)
(13342;11292,90.00)
(14831;14107,9.00)
(13487;13342,14.00)
(10599;13930,66.00)
(12266;12389,0.00)
(13930;12339,52.00)
(13487;14679,29.00)
(11986;15016,8.00)
(12892;14683,68.00)
(15304;10529,7.00)
(11618;12264,48.00)
(11996;11433,0.00)
(11292;11775,61.00)
(10397;11996,72.00)
(14100;11697,82.00)
(10397;12173,0.00)
(14843;11697,82.00)
(12266;10693,51.00)
(14908;13796,65.00)
(11003;11298,9.00)
(14908;11259,63.00)
(15356;11697,0.00)
(11996;10821,3.00)
(12889;10821,9.00)
(13796;14908,8.00)
(11697;11259,39.00)
(10299;12523,2.00)
(12889;10599,0.00)
(11315;11292,22.00)
(10721;12266,96.00)
(11298;13241,12.00)
(12264;12451,6.00)
(10980;13930,35.00)
(11259;13851,64.00)
(12389;11292,4.00)
(12889;11433,12.00)
(13232;11278,9.00)
(12889;11884,17.00)
(10423;13495,0.00)
(11049;12266,13.00)
(13204;12197,33.00)
(12266;11298,94.00)
(10713;13796,0.00)
(12478;15024,167.00)
(14492;15356,36.00)
(14492;14100,10.00)
(11298;12448,93.00)
(13495;14771,0.00)
(15016;11618,62.00)
(14893;12266,30.00)
(12191;12889,53.00)
(12266;11278,7.00)
(13342;15016,30.00)
(11298;11267,9.00)
(11298;10185,55.00)
(11638;14747,45.00)
(14457;11292,9.00)
(15024;13303,46.00)
(14108;10397,11.00)
(13204;12391,240.00)
(11259;13796,6.00)
(14893;14057,66.00)
(12255;11292,16.00)
(13422;10397,7.00)
(12451;11278,68.00)
(11618;14747,20.00)
(10721;10792,5.00)
(11298;11146,6.00)
(11617;10397,0.00)
(14730;14107,0.00)
(11298;14783,99.00)
(11697;12265,38.00)
(12478;11057,9.00)
(14122;12892,0.00)
(11292;10529,32.00)
(10469;13930,25.00)
(10279;11292,8.00)
(11980;11298,30.00)
(12896;10423,321.00)
(13931;12264,0.00)
(12278;11259,8.00)
(13487;12389,51.00)
(11503;13930,0.00)
(11298;14730,96.00)
(10397;12889,9.00)
(12441;13930,37.00)
(10397;14100,94.00)
(11433;13495,45.00)
(10994;11298,64.00)
(11298;15412,6.00)
(11292;14457,15.00)
(14107;11618,46.00)
(13930;13851,99.00)
(14057;11298,60.00)
(12523;15991,41.00)
(14747;15016,0.00)
(12278;10397,4.00)
(14771;13264,41.00)
(11292;11298,95.00)
(10713;14771,86.00)
(11292;13487,91.00)
(11057;14869,0.00)
(14108;13930,93.00)
(13487;11898,7.00)
(14730;13232,48.00)
(11298;13830,3.00)
(14685;12478,55.00)
(14027;13930,57.00)
(13342;11193,6.00)
(14100;14771,69.00)
(13796;12982,0.00)
(14027;12892,0.00)
(11697;14843,9.00)
(11292;11267,10.00)
(11042;12889,3.00)
(10423;11433,9.00)
(13830;10299,23.00)
(14869;10423,8.00)
(12954;14893,0.00)
(11111;11298,32.00)
(12954;14057,3.00)
(12953;14492,99.00)
(14747;12264,34.00)
(15249;11298,34.00)
(11618;14057,8.00)
(12191;14122,12.00)
(11865;14543,0.00)
(11292;12389,89.00)
(11697;14025,9.00)
(14679;13830,31.00)
(10423;14771,9.00)
(12339;13204,84.00)
(12197;14027,87.00)
(11995;11298,89.00)
(15304;11292,80.00)
(11433;14108,217.00)
(11278;13487,23.00)
(12892;11697,72.00)
(15376;13930,1.00)
(12264;13931,148.00)
(12892;14869,8.00)
(12391;14027,3.00)
(14685;11433,67.00)
(14869;11921,4.00)
(13495;12889,3.00)
(10821;12892,10.00)
(12892;15376,9.00)
(14771;13891,9.00)
(14492;11697,0.00)
(12478;12173,45.00)
(13204;14524,3.00)
(11898;13487,12.00)
(13930;10135,13.00)
(15008;13930,75.00)
(14831;13830,9.00)
(10397;12478,90.00)
(11292;14794,27.00)
(13232;15304,5.00)
(12339;13198,6.00)
(14869;10397,3.00)
(15304;10792,8.00)
(12451;13232,4.00)
(12898;11697,11.00)
(14869;10849,54.00)
(12953;13495,0.00)
(12191;13495,52.00)
(13577;10721,73.00)
(13476;14107,1.00)
(11278;10693,0.00)
(13487;11618,4.00)
(13296;11618,19.00)
(10868;12266,83.00)
(11298;11049,5.00)
(14869;15370,0.00)
(14057;12266,9.00)
(14771;13204,9.00)
(13204;12191,7.00)
(12191;10599,9.00)
(14679;13232,9.00)
(14674;12892,6.00)
(14107;14679,7.00)
(13303;11433,49.00)
(10821;14843,5.00)
(14771;15376,81.00)
(11697;12892,8.00)
(11057;12889,0.00)
(13930;10713,96.00)
(10140;13796,20.00)
(10279;12266,9.00)
(13487;10141,4.00)
(12173;12982,7.00)
(13495;10423,34.00)
(14893;11298,716.00)
(12266;14730,5.00)
(12889;14869,82.00)
(10397;13204,77.00)
(10397;14986,5.00)
(12982;14771,0.00)
(13198;10140,0.00)
(14107;13830,0.00)
(10821;11996,42.00)
(13232;14747,19.00)
(11433;14696,56.00)
(13290;11298,65.00)
(11066;13303,30.00)
(11057;13303,98.00)
(12892;14492,6.00)
(12264;14107,0.00)
(15016;11292,9.00)
(10423;14100,8.00)
(10397;13871,69.00)
(11298;10747,20.00)
(12448;11298,9.00)
(14747;11278,19.00)
(10423;11259,9.00)
(11292;12758,0.00)
(12264;14679,6.00)
(12953;14986,22.00)
(13303;10599,11.00)
(13277;10397,9.00)
(12191;10397,9.00)
(13296;13232,8.00)
(12264;11986,0.00)
(13495;13930,49.00)
(15016;11298,7.00)
(13244;11433,8.00)
(13204;14869,10.00)
(14635;11193,0.00)
(10874;10397,6.00)
(14683;11259,6.00)
(13495;12892,41.00)
(13198;13204,7.00)
(13930;14492,7.00)
(14771;11697,8.00)
(10721;13342,27.00)
(11298;13342,4.00)
(15356;15497,0.00)
(14057;14747,70.00)
(12889;13871,41.00)
(14831;10800,62.00)
(10397;15370,9.00)
(12953;14524,7.00)
(10140;12892,5.00)
(13184;13487,0.00)
(11057;12892,17.00)
(14828;12523,5.00)
(10599;11433,8.00)
(15304;14107,36.00)
(13930;10434,20.00)
(14635;10158,51.00)
(12266;12945,5.00)
(11298;11003,93.00)
(14771;14869,9.00)
(10397;11259,32.00)
(14842;11298,76.00)
(10721;14107,5.00)
(11292;13232,5.00)
(14843;13204,9.00)
(13487;11977,6.00)
(13930;12278,76.00)
(11618;10785,0.00)
(13422;13930,61.00)
(11433;12197,0.00)
(14307;12264,46.00)
(14122;13204,5.00)
(13930;15048,18.00)
(15304;14730,7.00)
(11298;12264,31.00)
(11697;13198,0.00)
(12889;12892,91.00)
(11298;14893,46.00)
(11140;12266,7.00)
(11503;13303,8.00)
(13487;10631,4.00)
(12892;11433,93.00)
(11042;13930,95.00)
(13930;13871,63.00)
(12889;11066,20.00)
(14747;12954,8.00)
(11292;15016,5.00)
(10599;13303,4.00)
(12191;10140,7.00)
(12173;12478,22.00)
(12173;12892,46.00)
(14057;14107,8.00)
(12264;12266,6.00)
(13930;11042,88.00)
(11618;14107,97.00)
(10754;10299,3.00)
(12173;14771,8.00)
(10257;13232,6.00)
(10599;12191,57.00)
(15356;13204,306.00)
(10397;10423,9.00)
(14893;11292,96.00)
(10140;14869,6.00)
(14893;13232,9.00)
(13303;14100,99.00)
(11259;12889,6.00)
(11278;10994,18.00)
(13244;11057,8.00)
(13487;12264,0.00)
(11697;13204,4.00)
(13830;10666,3.00)
(15323;10397,8.00)
(11423;11292,9.00)
(13061;11298,9.00)
(10372;11292,88.00)
(13487;11775,51.00)
(12478;10140,0.00)
(11618;11423,21.00)
(12266;15919,89.00)
(13796;11884,0.00)
(11193;11986,0.00)
(12266;13342,8.00)
(11423;12266,23.00)
(10397;11624,0.00)
(12266;10185,3.00)
(12478;10397,4.00)
(11298;13290,6.00)
(13931;13232,1.00)
(15370;10397,5.00)
(12892;14689,8.00)
(14524;12953,84.00)
(14576;13232,34.00)
(12953;14027,9.00)
(14747;14107,9.00)
(12889;14100,9.00)
(11259;12896,7.00)
(11630;10299,69.00)
(11433;12953,7.00)
(11433;10333,0.00)
(12892;14122,12.00)
(12278;13930,65.00)
(14107;11292,7.00)
(14869;13891,7.00)
(10529;11292,0.00)
(12264;10721,96.00)
(14831;13232,0.00)
(12016;12173,67.00)
(13495;10821,5.00)
(13485;11193,4.00)
(10693;11618,69.00)
(12478;14771,66.00)
(14635;11986,5.00)
(15016;14747,48.00)
(13930;12441,6.00)
(12892;13495,7.00)
(10713;13930,7.00)
(12191;11996,58.00)
(14843;10397,54.00)
(10397;11433,9.00)
(13076;13487,0.00)
(10397;13303,4.00)
(14869;12173,3.00)
(10693;12266,8.00)
(13930;14843,9.00)
(12402;13830,41.00)
(15295;13930,8.00)
(10299;10170,76.00)
(10397;10685,66.00)
(10170;10299,0.00)
(12889;11697,4.00)
(10397;12339,8.00)
(14771;10713,9.00)
(14057;10721,20.00)
(11481;10693,0.00)
(13930;13796,69.00)
(11540;12266,6.00)
(11278;10721,9.00)
(14570;11292,73.00)
(10140;12191,7.00)
(11097;14869,9.00)
(11193;11298,9.00)
(12758;14107,2.00)
(11298;11638,74.00)
(11292;10693,9.00)
(15304;11278,89.00)
(10279;11298,44.00)
(12191;13244,5.00)
(13204;14492,81.00)
(10620;11292,8.00)
(15412;11298,5.00)
(14100;12889,82.00)
(15304;13232,6.00)
(11057;14100,5.00)
(10821;12889,6.00)
(15016;14107,80.00)
(12266;10561,3.00)
(13930;11471,3.00)
(13930;14685,21.00)
(13577;10158,0.00)
(11503;12478,4.00)
(14107;12992,0.00)
(13029;13487,0.00)
(14122;10821,25.00)
(12523;12819,34.00)
(12191;11057,24.00)
(12264;15412,2.00)
(11003;13487,1.00)
(12891;11298,67.00)
(14771;14683,9.00)
(10397;14908,0.00)
(12264;11193,68.00)
(12266;12264,45.00)
(11624;13303,6.00)
(10140;11259,69.00)
(10792;14107,0.00)
(10721;12451,76.00)
(10529;12264,5.00)
(10721;12264,21.00)
(13127;14869,0.00)
(11433;11042,0.00)
(12478;12441,0.00)
(14771;12339,53.00)
(14869;10821,5.00)
(14771;14492,72.00)
(11618;14576,5.00)
(14635;11618,23.00)
(14262;14057,9.00)
(14771;12478,9.00)
(14679;11618,25.00)
(12889;12339,5.00)
(12339;11433,32.00)
(13487;10693,7.00)
(14869;13204,48.00)
(10397;14122,7.00)
(11066;12478,126.00)
(11278;10529,34.00)
(14100;15024,4.00)
(10140;12889,75.00)
(11259;14771,48.00)
(14843;15024,0.00)
(11618;11278,7.00)
(13204;12478,95.00)
(12129;12343,33.00)
(13851;12892,9.00)
(13930;15376,44.00)
(12264;10868,2.00)
(13485;11292,90.00)
(11433;13930,8.00)
(14747;12266,8.00)
(11066;12953,78.00)
(12173;13796,4.00)
(13796;10140,51.00)
(12953;13871,29.00)
(14524;13930,432.00)
(10821;13495,7.00)
(13851;11259,33.00)
(14869;12889,50.00)
(14520;12335,69.00)
(11057;10821,9.00)
(11298;14679,9.00)
(12266;11146,17.00)
(11298;12945,9.00)
(13232;10994,67.00)
(13232;14107,9.00)
(11618;11193,65.00)
(11193;10693,0.00)
(10140;13930,79.00)
(11292;13830,98.00)
(10821;11721,0.00)
(14869;13851,1.00)
(11278;15016,11.00)
(14709;10299,0.00)
(12819;14747,25.00)
(15304;10721,184.00)
(14635;11278,4.00)
(10994;10721,92.00)
(12264;10529,4.00)
(12156;11292,4.00)
(11259;13495,72.00)
(13232;15016,46.00)
(11618;13502,0.00)
(13204;13303,74.00)
(11298;11995,8.00)
(10434;10397,68.00)
(10397;12951,6.00)
(11193;14107,7.00)
(14794;11292,0.00)
(14100;14492,61.00)
(12478;14254,0.00)
(13930;14122,9.00)
(10423;10821,8.00)
(13930;10874,9.00)
(14747;11618,5.00)
(11057;14683,23.00)
(10529;13487,9.00)
(11618;13931,14.00)
(12339;11057,60.00)
(11298;12891,45.00)
(11298;10529,9.00)
(13930;14771,99.00)
(11292;13342,84.00)
(13487;15016,8.00)
(15304;13487,6.00)
(12191;10821,31.00)
(14747;14679,9.00)
(10299;13487,0.00)
(14747;10299,7.00)
(14679;14057,47.00)
(14492;12191,0.00)
(15304;14747,64.00)
(13487;11278,72.00)
(14487;14771,130.00)
(10397;15376,0.00)
(11057;11042,69.00)
(10158;13577,0.00)
(11618;11292,8.00)
(14831;13487,0.00)
(12264;10693,17.00)
(11292;11986,24.00)
(10693;11292,42.00)
(11618;14635,64.00)
(12478;14685,23.00)
(13303;13204,9.00)
(11697;12197,76.00)
(11433;11057,87.00)
(14696;13930,79.00)
(11193;10721,46.00)
(10423;11697,7.00)
(14107;10561,6.00)
(11433;15370,0.00)
(12191;14683,7.00)
(13796;14869,3.00)
(13303;12478,95.00)
(10397;13422,5.00)
(10397;15356,9.00)
(11298;11618,92.00)
(12892;11066,15.00)
(10397;12007,42.00)
(11298;11292,95.00)
(14307;15304,23.00)
(11503;10397,45.00)
(11697;10397,84.00)
(13303;13495,4.00)
(10599;10821,23.00)
(14869;10140,1.00)
(11292;14679,8.00)
(12451;12264,23.00)
(12992;14107,9.00)
(10529;11278,0.00)
(10397;10146,34.00)
(12451;13487,4.00)
(11140;11298,84.00)
(13930;12197,90.00)
(13204;13198,5.00)
(11278;14747,0.00)
(14122;11697,29.00)
(14730;11298,32.00)
(14747;11638,3.00)
(11150;10397,39.00)
(13303;14771,84.00)
(13830;11298,3.00)
(11298;14952,38.00)
(12451;11298,6.00)
(14831;11292,84.00)
(15016;12266,0.00)
(12266;10721,8.00)
(14492;12889,0.00)
(14711;13930,38.00)
(10693;11193,7.00)
(14262;14107,8.00)
(14057;14893,5.00)
(14747;14057,7.00)
(12892;11057,8.00)
(14122;14771,0.00)
(12819;15841,0.00)
(14843;10821,5.00)
(11193;11292,42.00)
(14679;14570,7.00)
(12889;13204,0.00)
(14696;10397,9.00)
(13303;14193,169.00)
(12892;11042,3.00)
(14679;12266,9.00)
(14100;10397,9.00)
(14771;11433,6.00)
(12892;13244,8.00)
(15016;11193,0.00)
(13244;13930,79.00)
(14908;12889,9.00)
(11066;12889,0.00)
(11823;11298,48.00)
(13485;13487,81.00)
(10994;11618,5.00)
(13487;11267,44.00)
(14869;11884,9.00)
(11042;12478,25.00)
(12266;11423,8.00)
(13930;12094,2.00)
(11292;14730,23.00)
(13502;11292,7.00)
(12191;12892,30.00)
(15024;12478,4.00)
(12266;11540,7.00)
(11618;15016,8.00)
(14489;14869,8.00)
(14771;10423,61.00)
(13232;14576,32.00)
(14831;14747,87.00)
(11471;13930,9.00)
(12129;13487,2.00)
(13495;12478,77.00)
(13487;12343,0.00)
(11259;10140,78.00)
(12441;14771,0.00)
(12217;11292,0.00)
(10397;14685,9.00)
(14107;12264,0.00)
(14747;11630,2.00)
(13241;14109,14.00)
(10299;11630,38.00)
(10721;13577,16.00)
(14831;14679,6.00)
(12892;14674,22.00)
(11298;14570,3.00)
(13204;11042,8.00)
(12266;12451,45.00)
(12197;13204,47.00)
(13871;12953,20.00)
(11884;12892,6.00)
(14683;14869,7.00)
(11278;13232,71.00)
(13487;15304,19.00)
(11618;11298,99.00)
(11292;11603,5.00)
(11433;10469,21.00)
(11603;11292,9.00)
(14570;11298,2.00)
(10821;12478,15.00)
(12266;11049,0.00)
(10685;10397,5.00)
(11267;11292,43.00)
(12478;13796,0.00)
(11618;11995,9.00)
(11525;14869,6.00)
(10397;10469,0.00)
(12953;13204,9.00)
(12191;11259,90.00)
(11433;10821,7.00)
(12094;14771,0.00)
(13930;10140,50.00)
(14107;15304,5.00)
(14696;11433,22.00)
(14869;12892,7.00)
(12173;13930,5.00)
(13204;14100,9.00)
(13830;12758,90.00)
(14683;14771,9.00)
(15376;12889,9.00)
(11298;14057,7.00)
(13930;10821,88.00)
(13303;14524,0.00)
(13232;10257,9.00)
(14869;13495,4.00)
(15370;13303,7.00)
(10821;11259,65.00)
(11638;11292,7.00)
(13930;12478,57.00)
(11292;14893,9.00)
(13061;12266,4.00)
(13244;10821,8.00)
(10721;14635,9.00)
(13029;11292,7.00)
(10800;14747,5.00)
(14262;11292,7.00)
(12889;14683,24.00)
(10529;11298,282.00)
(10821;10599,96.00)
(15389;14869,10.00)
(11986;11298,9.00)
(13204;11259,19.00)
(14262;13487,11.00)
(15376;14771,85.00)
(10754;11630,0.00)
(12191;12478,0.00)
(14524;13303,0.00)
(11259;10397,99.00)
(11618;14679,13.00)
(12266;13502,38.00)
(14109;11298,2.00)
(14109;13241,246.00)
(11612;11298,204.00)
(14492;14771,6.00)
(13891;13796,36.00)
(14107;14262,7.00)
(11298;12992,7.00)
(14747;12819,6.00)
(14771;10157,96.00)
(12391;10821,5.00)
(12191;13851,9.00)
(14524;11697,44.00)
(12992;11292,10.00)
(11298;10721,8.00)
(10299;14107,24.00)
(15016;11986,38.00)
(14679;10721,6.00)
(11884;10713,7.00)
(14683;10821,99.00)
(14771;14689,89.00)
(13487;11986,66.00)
(14057;14679,3.00)
(12478;14869,6.00)
(11697;11066,50.00)
(15376;12892,9.00)
(11618;14321,0.00)
(11618;11267,4.00)
(15919;11618,12.00)
(11292;13502,22.00)
(11433;12478,0.00)
(10397;10140,9.00)
(12889;14771,88.00)
(10599;12889,0.00)
(13871;13930,5.00)
(13204;12339,3.00)
(10821;10140,0.00)
(15304;12266,65.00)
(11721;10397,7.00)
(13198;11057,9.00)
(14893;14107,9.00)
(13487;14576,0.00)
(10693;11298,78.00)
(10397;10874,40.00)
(13930;12953,99.00)
(12266;13256,9.00)
(10397;13930,98.00)
(14193;10397,95.00)
(11057;12191,0.00)
(12266;10868,11.00)
(13931;11618,220.00)
(14747;13487,33.00)
(14635;10721,9.00)
(12191;13796,56.00)
(14747;13342,0.00)
(12892;12982,6.00)
(13487;11315,12.00)
(11057;10397,9.00)
(14288;11292,7.00)
(12992;13232,8.00)
(12953;12191,7.00)
(14193;13930,95.00)
(10397;11721,1.00)
(13232;12992,10.00)
(10408;13487,1.00)
(12889;13198,6.00)
(10561;12266,7.00)
(12266;12992,91.00)
(11637;13930,83.00)
(13204;13244,69.00)
(12523;10299,24.00)
(11618;10792,83.00)
(11298;13061,9.00)
(11298;11540,86.00)
(13930;15024,42.00)
(15370;12191,4.00)
(13256;11298,9.00)
(13303;12892,7.00)
(12892;12889,98.00)
(10299;14057,6.00)
(11193;15016,79.00)
(11292;12264,8.00)
(12892;13303,9.00)
(14025;11697,0.00)
(14893;13830,0.00)
(13232;14831,3.00)
(11697;12191,0.00)
(10397;10599,93.00)
(13930;14027,89.00)
(13495;10397,7.00)
(14107;11540,73.00)
(14113;14869,5.00)
(13204;11697,237.00)
(11066;10821,21.00)
(10721;15304,96.00)
(12094;10397,0.00)
(12892;12278,9.00)
(14908;10397,0.00)
(10721;10994,38.00)
(11298;11982,7.00)
(11278;12451,3.00)
(10529;13232,39.00)
(13232;11292,94.00)
(14831;12758,9.00)
(12266;11982,20.00)
(11697;10423,53.00)
(11292;15304,8.00)
(12892;11109,8.00)
(11697;15356,81.00)
(11267;11298,32.00)
(11057;12339,37.00)
(13232;14307,77.00)
(11433;11013,3.00)
(14307;13232,0.00)
(13487;11292,7.00)
(10397;14814,61.00)
(15624;10397,7.00)
(15016;13232,9.00)
(12264;10792,0.00)
(11298;11986,95.00)
(14122;12889,55.00)
(13244;12191,66.00)
(10821;14869,6.00)
(13873;13970,0.00)
(11193;14635,0.00)
(11042;11697,15.00)
(11057;14843,4.00)
(13296;15304,0.00)
(14107;14893,8.00)
(14100;12892,88.00)
(15016;13487,32.00)
(13204;12953,9.00)
(12478;12892,93.00)
(11278;14635,7.00)
(12266;12206,53.00)
(11292;12266,95.00)
(12265;11697,6.00)
(10135;11433,9.00)
(13851;13930,94.00)
(14683;12191,6.00)
(14869;13127,0.00)
(14771;10821,5.00)
(10299;14709,3.00)
(10140;10821,0.00)
(11057;11697,9.00)
(13930;11433,98.00)
(14771;13303,93.00)
(11066;13930,92.00)
(11618;13487,62.00)
(12339;12892,0.00)
(14576;15304,0.00)
(11057;14492,9.00)
(10529;14635,0.00)
(14576;11618,3.00)
(13204;10397,7.00)
(13930;13367,8.00)
(11624;10397,24.00)
(12954;10721,0.00)
(12523;14747,6.00)
(11697;12889,5.00)
(11259;12892,77.00)
(12266;10781,9.00)
(13796;12889,9.00)
(14698;14771,96.00)
(10372;13487,109.00)
(15016;14635,17.00)
(11996;10397,82.00)
(11298;15016,95.00)
(11697;13495,19.00)
(10693;14635,30.00)
(10685;13930,92.00)
(10849;14869,8.00)
(12889;14122,7.00)
(15356;11057,7.00)
(14107;11193,31.00)
(11292;15041,13.00)
(13303;13244,19.00)
(10821;13930,82.00)
(13232;13931,9.00)
(14492;13930,9.00)
(10397;13277,60.00)
(11540;11298,9.00)
(15024;11697,5.00)
(13930;10980,13.00)
(11057;10423,4.00)
(15376;14869,3.00)
(11618;15304,7.00)
(13830;14679,0.00)
(13930;10685,55.00)
(12266;12448,5.00)
(13204;10874,3.00)
(13342;15304,56.00)
(10874;12953,9.00)
(11193;12266,6.00)
(11292;10299,53.00)
(15356;11433,190.00)
(13486;14869,31.00)
(11638;11298,958.00)
(14492;12478,7.00)
(10423;13204,6.00)
(11298;10136,76.00)
(14679;14831,9.00)
(12892;13930,9.00)
(11278;12266,52.00)
(13796;13891,72.00)
(10721;15016,8.00)
(14576;12264,5.00)
(14831;14057,98.00)
(12217;11298,38.00)
(14635;13342,8.00)
(12094;12892,106.00)
(10140;10397,41.00)
(14635;10693,3.00)
(11109;10397,0.00)
(10800;14057,9.00)
(11193;13487,8.00)
(14683;12889,16.00)
(11433;13303,8.00)
(11618;13232,91.00)
(12945;12266,45.00)
(11433;10423,0.00)
(10721;12954,1.00)
(13232;13296,3.00)
(13487;14457,78.00)
(13487;14107,8.00)
(14783;11298,8.00)
(13204;14122,9.00)
(13204;11066,6.00)
(15304;11618,8.00)
(11298;10994,8.00)
(13830;14831,39.00)
(10423;11057,88.00)
(11298;11980,9.00)
(14869;11109,4.00)
(12191;13158,3.00)
(10397;14771,66.00)
(11986;15304,0.00)
(14107;11298,8.00)
(13970;13873,8.00)
(11298;11775,6.00)
(11618;14307,70.00)
(11433;10980,32.00)
(14771;10849,0.00)
(14100;14122,3.00)
(11775;11298,36.00)
(11995;12264,0.00)
(13244;13204,5.00)
(13502;14107,0.00)
(13303;11624,3.00)
(14869;13871,6.00)
(12266;15412,20.00)
(11278;14057,55.00)
(14986;12953,4.00)
(12264;14307,95.00)
(11278;15304,9.00)
(13303;14492,9.00)
(10721;14679,26.00)
(14986;10397,5.00)
(13487;13232,94.00)
(13232;14893,0.00)
(14570;14679,4.00)
(11433;12339,86.00)
(11982;12266,16.00)
(14771;14489,98.00)
(13244;10397,52.00)
(13204;15356,44.00)
(14869;13930,79.00)
(12339;14771,0.00)
(10529;15304,5.00)
(12197;13930,37.00)
(14683;10397,9.00)
(10792;10721,0.00)
(14908;14771,8.00)
(11042;12953,99.00)
(11259;14908,0.00)
(10397;11150,63.00)
(14489;14771,56.00)
(11884;14869,79.00)
(10299;11292,5.00)
(11057;14122,89.00)
(14679;14107,70.00)
(11292;11638,57.00)
(14771;12889,9.00)
(12889;14908,63.00)
(11057;12953,61.00)
(12953;13198,44.00)
(13487;14747,7.00)
(11973;12266,8.00)
(10397;12441,0.00)
(11298;11423,8.00)
(11298;10868,9.00)
(13459;13930,7.00)
(11618;12266,9.00)
(13930;13204,99.00)
(14683;13204,9.00)
(10731;10397,3.00)
(13930;12889,98.00)
(14107;13502,6.00)
(13891;14771,83.00)
(13232;12451,83.00)
(13367;10397,7.00)
(10792;12264,20.00)
(12191;14492,18.00)
(11259;12191,70.00)
(12191;10423,26.00)
(14057;12954,8.00)
(14771;14252,5.00)
(11259;13204,6.00)
(10721;14831,14.00)
(10397;10980,34.00)
(14747;13830,7.00)
(10693;10994,2.00)
(10397;11697,83.00)
(12953;14685,100.00)
(13851;10821,0.00)
(14057;12264,0.00)
(12451;11618,96.00)
(15412;12266,4.00)
(14122;10397,81.00)
(11292;13230,4.00)
(10299;10165,0.00)
(12892;12191,8.00)
(13851;10397,8.00)
(12892;12478,99.00)
(10693;15016,77.00)
(10135;13930,6.00)
(13198;13796,1.00)
(13158;12889,0.00)
(11433;13244,2.00)
(14683;14100,2.00)
(11618;10693,5.00)
(10141;13487,9.00)
(14457;13487,8.00)
(10821;14683,46.00)
(11433;13367,0.00)
(11292;10372,9.00)
(12264;14747,58.00)
(11865;11292,31.00)
(10423;13796,0.00)
(14952;11298,53.00)
(12266;14893,26.00)
(14747;10800,6.00)
(14100;14027,94.00)
(14057;10800,0.00)
(14683;13930,53.00)
(11013;11433,60.00)
(10792;13232,92.00)
(11292;14543,4.00)
(12264;15304,54.00)
(14747;14262,93.00)
(14869;12003,5.00)
(14100;11433,95.00)
(13796;12173,0.00)
(13487;11298,87.00)
(10693;13487,90.00)
(13930;14696,9.00)
(14100;13930,77.00)
(14635;12266,24.00)
(14057;10299,3.00)
(10821;11066,4.00)
(10397;15323,78.00)
(12441;14869,21.00)
(15304;11298,8.00)
(11292;12992,68.00)
(11298;11867,22.00)
(14869;10779,9.00)
(11884;13796,5.00)
(11292;11865,8.00)
(12892;12173,9.00)
(15024;14100,9.00)
(10821;11697,95.00)
(14107;11278,69.00)
(14869;15389,7.00)
(13342;14635,60.00)
(14122;12953,14.00)
(12264;14893,17.00)
(10434;11433,40.00)
(13495;12191,50.00)
(11193;13342,84.00)
(10397;14193,6.00)
(13495;12953,80.00)
(12898;13204,0.00)
(14869;11637,1.00)
(11259;15370,31.00)
(12478;14843,73.00)
(12954;14747,0.00)
(14771;12441,80.00)
(14679;11292,9.00)
(13796;10821,3.00)
(14893;13487,15.00)
(11618;12451,5.00)
(14027;12391,59.00)
(10849;10397,90.00)
(11298;10693,9.00)
(13204;10821,93.00)
(11433;12892,73.00)
(13204;13930,94.00)
(10666;13830,0.00)
(10693;11278,65.00)
(13487;10721,3.00)
(12889;11259,86.00)
(15841;12819,15.00)
(11423;13487,98.00)
(12266;10372,96.00)
(12173;12889,9.00)
(12266;14747,82.00)
(10397;12953,9.00)
(10397;11042,4.00)
(14843;12478,90.00)
(14689;14771,79.00)
(14107;15016,8.00)
(11433;14100,80.00)
(13198;11433,6.00)
(13830;11292,7.00)
(14574;12264,0.00)
(13487;11193,4.00)
(14869;11433,2.00)
(10158;15304,54.00)
(13487;13029,107.00)
(11259;12278,69.00)
(13495;13198,0.00)
(11298;11278,8.00)
(11292;14831,54.00)
(10599;11259,25.00)
(12266;11193,8.00)
(13487;12129,51.00)
(14635;15016,54.00)
(10821;12191,6.00)
(12884;13487,143.00)
(12343;12129,18.00)
(13796;10423,7.00)
(11057;14524,41.00)
(11278;14107,7.00)
(14683;11057,6.00)
(15304;10693,1.00)
(14492;11042,85.00)
(12478;11042,48.00)
(14771;14122,53.00)
(10868;11298,65.00)
(14543;11292,420.00)
(14122;14100,47.00)
(15304;12264,95.00)
(13232;10792,46.00)
(10157;14771,9.00)
(13851;14771,89.00)
(12953;10874,8.00)
(10821;13851,95.00)
(11540;11292,83.00)
(11267;11618,2.00)
(11298;13377,7.00)
(11884;12889,8.00)
(12478;10423,88.00)
(14771;14698,74.00)
(14771;13930,9.00)
(10599;13204,1.00)
(10469;11433,63.00)
(14193;12191,0.00)
(11067;11298,17.00)
(12266;12217,15.00)
(11003;11292,79.00)
(12173;14869,0.00)
(14524;10397,7.00)
(12266;14635,11.00)
(11278;11292,24.00)
(13495;14869,0.00)
(13198;10821,42.00)
(15016;15304,8.00)
(12889;12896,3.00)
(10423;14869,1.00)
(10713;11884,37.00)
(11298;13256,90.00)
(12478;11697,9.00)
(11298;11973,37.00)
(15016;10721,4.00)
(14057;12758,0.00)
(14908;12191,58.00)
(14457;11298,5.00)
(14685;10397,5.00)
(13204;12898,27.00)
(13204;13495,57.00)
(11042;14771,0.00)
(14869;11057,5.00)
(13198;12339,35.00)
(12264;11618,68.00)
(10397;14843,9.00)
(14771;12094,0.00)
(11697;12953,8.00)
(13198;12892,15.00)
(13244;12892,0.00)
(11298;13487,61.00)
(13930;11697,9.00)
(14100;12339,0.00)
(13158;11259,8.00)
(10434;13930,18.00)
(12478;14492,7.00)
(10185;11298,8.00)
(13485;11618,5.00)
(14027;11057,8.00)
(11618;10721,96.00)
(11638;14107,58.00)
(12391;13204,68.00)
(11337;13487,58.00)
(11292;11540,63.00)
(10821;11057,7.00)
(10185;12266,4.00)
(14771;11057,7.00)
(10868;12264,2.00)
(11042;10821,23.00)
(12278;12889,0.00)
(12478;11433,4.00)
(14027;14100,9.00)
(12478;13204,9.00)
(12478;13303,9.00)
(13303;12953,99.00)
(13930;11503,64.00)
(13930;14908,8.00)
(10821;12391,72.00)
(15304;14576,0.00)
(13495;13303,0.00)
(14685;13930,61.00)
(14747;12523,51.00)
(10631;13487,9.00)
(15304;13342,51.00)
(11721;13204,0.00)
(14100;13495,0.00)
(12889;12173,9.00)
(11618;13296,47.00)
(13930;13198,7.00)
(14098;10397,8.00)
(14254;12478,0.00)
(11292;14783,83.00)
(14027;12197,45.00)
(14057;14831,6.00)
(13487;14633,9.00)
(11042;10397,0.00)
(14986;12478,5.00)
(12889;11057,4.00)
(13232;12264,3.00)
(11618;14730,29.00)
(11193;15304,0.00)
(11066;10397,85.00)
(12264;11995,6.00)
(13367;13930,7.00)
(14108;11433,3.00)
(13930;11637,89.00)
(13495;13204,9.00)
(10994;13232,1.00)
(13487;10299,6.00)
(11292;14107,88.00)
(13232;10721,6.00)
(11298;14457,7.00)
(11298;14262,60.00)
(14027;12478,82.00)
(11433;14683,9.00)
(10994;12266,4.00)
(14543;11865,0.00)
(11057;13930,7.00)
(14771;12173,32.00)
(10693;11481,0.00)
(13198;12191,171.00)
(10397;10821,92.00)
(13377;12266,44.00)
(10423;12478,7.00)
(13232;13487,91.00)
(14057;13232,0.00)
(14828;12819,5.00)
(12339;10397,95.00)
(13342;14747,0.00)
(11648;14869,165.00)
(10397;13495,9.00)
(11298;12451,99.00)
(14730;11292,35.00)
(12889;11042,0.00)
(12335;14520,7.00)
(14869;14489,8.00)
(11292;14747,9.00)
(14524;11057,38.00)
(14057;11618,2.00)
(12320;13204,28.00)
(11433;13871,41.00)
(13241;11298,1.00)
(11066;13204,13.00)
(10685;13204,7.00)
(14107;12266,6.00)
(13487;14057,7.00)
(13930;11721,96.00)
(13487;12266,9.00)
(12389;13487,4.00)
(12945;11298,64.00)
(12280;11292,9.00)
(12266;15304,5.00)
(13930;13244,6.00)
(10397;15024,0.00)
(11697;12478,9.00)
(13367;11433,86.00)
(12206;12266,5.00)
(13204;10599,6.00)
(14122;13930,40.00)
(10299;12758,0.00)
(14771;13198,20.00)
(14635;14307,0.00)
(11433;11697,64.00)
(13502;12266,9.00)
(14252;14771,0.00)
(13158;12191,119.00)
(13931;12266,0.00)
(13930;13495,70.00)
(10821;14771,63.00)
(14843;14100,74.00)
(10397;11778,93.00)
(13495;11433,48.00)
(11433;10135,17.00)
(12478;13930,55.00)
(14679;14893,7.00)
(10821;11042,79.00)
(13871;13204,0.00)
(12266;11292,8.00)
(11292;10721,6.00)
