(10529;10821,8.00)
(11298;14100,79.00)
(13487;10739,6.00)
(12892;11638,9.00)
(11298;15624,9.00)
(11042;11298,40.00)
(10397;11308,91.00)
(15016;13495,28.00)
(13232;13244,31.00)
(14057;15376,5.00)
(11865;14869,20.00)
(11298;13204,7.00)
(13495;12266,97.00)
(12892;10372,9.00)
(11066;13487,13.00)
(11042;11278,24.00)
(11298;14674,4.00)
(14492;11618,4.00)
(12264;13930,40.00)
(12889;15304,8.00)
(13851;15016,16.00)
(10792;13204,38.00)
(12339;11298,37.00)
(14635;14100,68.00)
(10693;14122,5.00)
(13204;11292,51.00)
(11292;11503,13.00)
(13303;11278,8.00)
(12478;12264,6.00)
(11292;11697,39.00)
(11042;13487,6.00)
(11921;14107,20.00)
(15304;13930,9.00)
(14107;13198,5.00)
(13930;11203,89.00)
(10721;10874,29.00)
(11298;12012,0.00)
(11618;10423,8.00)
(15016;11433,18.00)
(11292;12889,9.00)
(11292;14674,22.00)
(13422;11298,81.00)
(13232;12892,93.00)
(11066;11292,40.00)
(14683;13232,55.00)
(11292;14683,63.00)
(12892;10299,0.00)
(11697;11292,8.00)
(14869;14831,45.00)
(10397;11003,72.00)
(11292;12003,89.00)
(13930;13029,1.00)
(11413;11292,5.00)
(14831;12982,0.00)
(11603;12892,8.00)
(14107;14908,9.00)
(13158;12266,8.00)
(13290;13930,7.00)
(12953;11193,3.00)
(14771;13502,5.00)
(13342;13198,26.00)
(12982;13830,5.00)
(12266;14492,58.00)
(13930;14635,97.00)
(12519;11292,74.00)
(11618;14122,5.00)
(11292;13891,79.00)
(14747;14869,8.00)
(12266;14843,18.00)
(13198;15304,39.00)
(15024;11618,65.00)
(10721;14027,96.00)
(10874;10721,0.00)
(11298;14771,94.00)
(14122;14107,4.00)
(15016;15370,29.00)
(12266;15370,6.00)
(10397;11252,49.00)
(14869;14893,99.00)
(14635;12197,8.00)
(13871;11618,83.00)
(10930;14771,74.00)
(11278;11259,98.00)
(13158;11298,59.00)
(14869;11193,0.00)
(13930;10529,61.00)
(11267;13204,146.00)
(11292;12519,72.00)
(14679;11259,9.00)
(13830;13796,58.00)
(14457;13930,0.00)
(12953;13232,86.00)
(12982;14679,0.00)
(10397;11423,46.00)
(12951;11292,0.00)
(13367;11292,4.00)
(11540;11259,8.00)
(12892;13830,7.00)
(10423;12266,8.00)
(10994;10397,4.00)
(10397;11995,4.00)
(12266;10849,24.00)
(15016;10821,0.00)
(10140;14107,8.00)
(10821;13931,4.00)
(12266;12177,73.00)
(12892;13232,9.00)
(12915;11298,5.00)
(11823;10397,0.00)
(13930;10257,77.00)
(10732;12478,2.00)
(12264;11042,8.00)
(11433;10785,5.00)
(10140;14057,2.00)
(10299;12892,25.00)
(14908;13487,7.00)
(13930;14831,3.00)
(13487;11433,7.00)
(12191;11540,23.00)
(13930;11067,57.00)
(10874;11278,3.00)
(13232;10599,7.00)
(10693;14683,62.00)
(15016;14100,4.00)
(13184;11433,4.00)
(15016;13198,0.00)
(13296;12953,270.00)
(15249;13303,5.00)
(12264;14492,24.00)
(12478;12451,0.00)
(11292;14908,49.00)
(14908;12266,18.00)
(14107;13851,42.00)
(14683;11292,87.00)
(11298;12951,8.00)
(15304;11057,8.00)
(11057;10257,8.00)
(11823;11433,10.00)
(11638;14869,0.00)
(11697;15070,41.00)
(12451;12953,0.00)
(13342;11697,4.00)
(13871;11298,0.00)
(15304;12892,36.00)
(13930;11298,90.00)
(14262;12892,9.00)
(13930;14057,90.00)
(13244;11618,557.00)
(11298;12889,9.00)
(11884;13487,23.00)
(10721;10397,9.00)
(13487;13303,31.00)
(12982;14107,1.00)
(11057;10693,5.00)
(13232;10423,0.00)
(11292;10423,6.00)
(12478;14057,21.00)
(10693;10397,7.00)
(13502;13930,10.00)
(11618;11042,52.00)
(14685;12266,106.00)
(10721;13198,40.00)
(14524;11298,7.00)
(12278;13487,15.00)
(11603;14869,0.00)
(12892;15304,5.00)
(13342;13930,98.00)
(11540;14683,5.00)
(13931;12953,59.00)
(12478;10785,75.00)
(10821;10721,65.00)
(11433;10693,8.00)
(11298;13158,8.00)
(11977;11433,0.00)
(15624;12266,70.00)
(15304;13244,0.00)
(10397;12266,7.00)
(15376;11298,64.00)
(11995;11433,0.00)
(13230;11057,1.00)
(13930;11540,3.00)
(12992;12889,66.00)
(13930;13502,27.00)
(12264;13851,35.00)
(13487;11637,8.00)
(13303;11953,3.00)
(14747;13930,72.00)
(11905;11298,17.00)
(12191;12451,66.00)
(12992;10821,3.00)
(11447;12519,89.00)
(11003;11433,37.00)
(11066;11298,92.00)
(14307;11433,9.00)
(12478;12954,121.00)
(13244;11298,6.00)
(11292;11042,63.00)
(11292;12173,11.00)
(14107;10140,53.00)
(14679;13796,7.00)
(14674;11298,75.00)
(11433;14679,50.00)
(12094;12264,0.00)
(10397;11267,38.00)
(13487;14908,5.00)
(14771;13487,6.00)
(11433;14321,0.00)
(10693;11697,0.00)
(11278;13495,7.00)
(10721;13495,28.00)
(12954;14869,67.00)
(12892;14057,2.00)
(13342;10397,76.00)
(12889;12954,54.00)
(11298;11637,13.00)
(12892;14679,8.00)
(14679;13204,28.00)
(12889;11423,59.00)
(11042;13342,7.00)
(13930;14747,9.00)
(13204;11278,65.00)
(10994;10821,80.00)
(13495;10721,7.00)
(12173;11298,70.00)
(14576;10397,6.00)
(11433;14635,80.00)
(13931;13204,0.00)
(10140;11298,6.00)
(10397;13485,0.00)
(10874;11292,4.00)
(14100;11298,8.00)
(14747;13495,0.00)
(11109;11292,6.00)
(14908;11618,6.00)
(15016;14492,22.00)
(11278;12892,7.00)
(11618;14843,6.00)
(11618;12191,35.00)
(14696;11618,5.00)
(13303;14679,14.00)
(13388;14771,88.00)
(14107;11057,8.00)
(14771;12758,28.00)
(11298;15376,8.00)
(11433;12264,20.00)
(11433;12945,114.00)
(12339;13487,8.00)
(13487;12335,114.00)
(10792;10397,27.00)
(14107;10713,53.00)
(14831;12892,8.00)
(15919;13930,9.00)
(11292;11413,122.00)
(12339;14107,7.00)
(12982;11292,0.00)
(14869;11292,98.00)
(12953;15412,24.00)
(10397;10257,8.00)
(14107;11695,97.00)
(11066;14107,5.00)
(14905;12892,0.00)
(13930;11423,9.00)
(14107;11921,5.00)
(12278;12266,5.00)
(12266;13198,9.00)
(14108;11292,0.00)
(11259;11278,6.00)
(11503;11298,9.00)
(13303;12266,8.00)
(11278;14869,0.00)
(13495;11298,10.00)
(14843;10721,9.00)
(11973;10397,6.00)
(11298;14193,9.00)
(10140;12266,4.00)
(11996;11298,56.00)
(13487;11042,6.00)
(12889;10721,5.00)
(10299;13970,0.00)
(14747;14683,27.00)
(12954;13796,31.00)
(12191;10721,5.00)
(12511;11298,62.00)
(12191;11140,9.00)
(13486;13487,0.00)
(13964;14771,7.00)
(13232;14100,8.00)
(11278;12339,7.00)
(12478;11193,92.00)
(13184;13930,45.00)
(13930;11337,79.00)
(11618;11066,5.00)
(10721;10423,58.00)
(13232;12278,66.00)
(10994;12191,0.00)
(11042;10693,23.00)
(10423;13232,60.00)
(11292;11109,8.00)
(13930;15304,69.00)
(13487;12478,0.00)
(12402;12173,9.00)
(10868;12953,59.00)
(11618;15024,45.00)
(13303;11618,9.00)
(11292;13486,7.00)
(11292;14027,0.00)
(13930;10431,8.00)
(10257;11697,0.00)
(14107;13796,9.00)
(13204;13931,2.00)
(14524;11618,4.00)
(12173;11618,0.00)
(13485;14869,0.00)
(13873;10299,4.00)
(10397;15412,60.00)
(11298;11066,99.00)
(10397;11977,73.00)
(11292;11648,77.00)
(11612;10397,9.00)
(11433;14307,79.00)
(14100;14107,3.00)
(12173;14107,7.00)
(11953;10397,99.00)
(14100;12266,76.00)
(14893;14771,90.00)
(10821;10994,30.00)
(14908;14831,7.00)
(13303;10994,3.00)
(12451;10821,39.00)
(14635;11433,8.00)
(11267;12953,70.00)
(11292;13851,7.00)
(12339;11278,85.00)
(12898;15304,31.00)
(12889;10299,9.00)
(11298;12173,99.00)
(14747;11433,7.00)
(11697;12451,7.00)
(11146;13930,5.00)
(14262;13930,6.00)
(12339;14635,6.00)
(10713;14107,3.00)
(10299;10551,9.00)
(10693;10423,87.00)
(12758;12173,9.00)
(11097;11292,11.00)
(13930;10693,55.00)
(10529;14492,0.00)
(12892;14262,9.00)
(12448;10397,50.00)
(14679;13495,59.00)
(10397;10372,46.00)
(13930;13485,9.00)
(10397;10994,5.00)
(14869;11278,28.00)
(10874;15304,0.00)
(12889;10693,15.00)
(13930;11612,72.00)
(10821;11292,66.00)
(12451;11433,44.00)
(10599;11292,2.00)
(14683;10693,212.00)
(14635;11066,294.00)
(10721;12889,79.00)
(11278;13303,9.00)
(12266;14771,59.00)
(11041;12892,9.00)
(13232;13198,60.00)
(12206;12191,9.00)
(14869;11122,0.00)
(15096;13204,139.00)
(11433;11537,8.00)
(12953;14730,9.00)
(10397;11973,7.00)
(10372;13930,170.00)
(12478;14576,39.00)
(10792;13930,7.00)
(15027;13303,7.00)
(13577;12953,93.00)
(14122;13232,6.00)
(10423;11298,92.00)
(14635;15356,22.00)
(14747;10397,9.00)
(10800;12889,8.00)
(12884;11433,58.00)
(13871;14747,50.00)
(13204;10693,41.00)
(13303;11995,21.00)
(10721;14986,0.00)
(11618;14696,28.00)
(15304;11042,0.00)
(13487;11648,7.00)
(13232;11057,64.00)
(15016;11057,8.00)
(15016;11259,8.00)
(15024;12264,6.00)
(10792;12953,71.00)
(13495;11618,9.00)
(10821;11298,73.00)
(12451;11057,54.00)
(11278;12889,0.00)
(14100;15304,80.00)
(11618;14908,20.00)
(14262;12478,0.00)
(14685;12264,7.00)
(13487;14683,38.00)
(14771;13830,69.00)
(11481;10821,29.00)
(12758;12892,62.00)
(12266;11109,9.00)
(14771;13342,5.00)
(11042;11292,7.00)
(10529;10397,64.00)
(14747;11884,9.00)
(12992;12953,)
(13303;12264,79.00)
(12264;13303,22.00)
(11292;14689,44.00)
(10800;14771,93.00)
(11057;14307,34.00)
(11423;10397,91.00)
(12264;13204,9.00)
(14869;15582,7.00)
(10299;12173,9.00)
(13485;11433,4.00)
(12323;10397,8.00)
(14107;11413,4.00)
(14683;14107,8.00)
(12889;10666,0.00)
(13204;11298,77.00)
(11298;12191,94.00)
(14107;12889,96.00)
(15370;11292,71.00)
(10732;13204,8.00)
(11697;10693,21.00)
(11618;13303,8.00)
(12889;14679,8.00)
(11298;10397,96.00)
(12892;14831,9.00)
(11298;14122,46.00)
(11413;14107,9.00)
(14869;14457,0.00)
(14107;11259,6.00)
(10397;15919,6.00)
(15016;13303,47.00)
(14262;14869,6.00)
(11292;14771,96.00)
(13931;12478,10.00)
(11042;10721,3.00)
(11292;14252,91.00)
(14633;13930,55.00)
(13303;11292,91.00)
(11637;11292,7.00)
(11298;11921,14.00)
(10257;13930,6.00)
(12266;12173,51.00)
(13198;12266,8.00)
(14489;11292,70.00)
(13495;14747,19.00)
(11298;10980,7.00)
(11066;14635,19.00)
(14107;14698,5.00)
(15016;12953,9.00)
(10397;10785,87.00)
(11298;13930,9.00)
(13495;14679,55.00)
(11292;10627,3.00)
(10721;11042,9.00)
(13158;11292,55.00)
(14843;10529,25.00)
(14492;12266,6.00)
(11540;12191,9.00)
(14893;14908,9.00)
(12173;12402,9.00)
(10397;10185,3.00)
(10792;11433,79.00)
(14893;13891,8.00)
(10721;12191,43.00)
(15376;14747,0.00)
(15304;14492,6.00)
(13198;14747,0.00)
(10529;14843,62.00)
(12266;11503,3.00)
(13342;14771,17.00)
(12889;11540,5.00)
(14307;13930,6.00)
(11092;14869,0.00)
(14492;15016,11.00)
(12156;14869,33.00)
(10627;11292,8.00)
(12889;14730,7.00)
(12266;12889,7.00)
(10257;10821,9.00)
(11278;11042,6.00)
(10529;11697,37.00)
(10785;13930,62.00)
(13487;10423,170.00)
(15304;11697,70.00)
(12889;14747,8.00)
(13230;11433,0.00)
(11298;14683,85.00)
(12191;13232,33.00)
(11109;11298,73.00)
(10693;12191,7.00)
(11537;11433,8.00)
(13930;10268,9.00)
(14057;11057,9.00)
(11292;11066,8.00)
(11481;12191,0.00)
(11146;10397,47.00)
(11298;14869,8.00)
(14635;12478,9.00)
(13495;15016,4.00)
(12889;11278,10.00)
(11278;12191,4.00)
(11697;11298,3.00)
(14869;10721,0.00)
(13204;14107,66.00)
(10140;14747,51.00)
(12478;13487,46.00)
(13204;10158,62.00)
(12992;11259,4.00)
(14843;12266,34.00)
(14321;10397,0.00)
(13232;11433,99.00)
(12451;14100,2.00)
(10721;14122,14.00)
(11057;13487,31.00)
(13485;10397,9.00)
(12266;10713,8.00)
(12173;14679,27.00)
(10397;15607,50.00)
(11267;11433,7.00)
(12335;13487,4.00)
(14057;13930,7.00)
(14893;12478,0.00)
(14869;10800,21.00)
(13502;14771,0.00)
(11292;14122,57.00)
(14107;12982,72.00)
(13487;14122,0.00)
(13487;12278,29.00)
(12953;11995,72.00)
(11111;13930,72.00)
(12191;15016,55.00)
(14730;13930,4.00)
(14100;13232,53.00)
(14635;14122,0.00)
(12012;11298,5.00)
(13830;14771,4.00)
(14543;14869,6.00)
(13931;11057,11.00)
(15607;10397,90.00)
(13487;10821,7.00)
(11433;10721,7.00)
(13487;14100,69.00)
(13487;12953,8.00)
(11986;10397,4.00)
(12339;11618,9.00)
(11721;15304,0.00)
(11433;12992,17.00)
(13232;11042,28.00)
(11057;14057,48.00)
(12945;13930,7.00)
(14679;12892,87.00)
(13933;13204,0.00)
(10693;11066,13.00)
(14893;12889,7.00)
(10926;15991,20.00)
(13198;13342,0.00)
(10423;12954,20.00)
(10785;10397,4.00)
(14831;12478,3.00)
(11298;14524,3.00)
(10821;14107,66.00)
(11057;11618,9.00)
(10397;11292,49.00)
(14771;12954,91.00)
(14869;13232,4.00)
(13487;13367,0.00)
(14100;14747,9.00)
(10821;14730,9.00)
(13487;13244,0.00)
(10397;14107,8.00)
(11618;14027,6.00)
(14193;11298,6.00)
(12519;11447,13.00)
(10372;14771,2.00)
(14576;12478,3.00)
(12264;14122,53.00)
(14570;14771,6.00)
(14908;14107,91.00)
(13930;11111,39.00)
(11057;14321,9.00)
(13931;11433,0.00)
(14492;11298,15.00)
(13433;11292,9.00)
(11433;13184,81.00)
(11057;13931,6.00)
(11298;13198,92.00)
(12892;13487,9.00)
(14747;14771,99.00)
(12173;13830,9.00)
(14908;14893,7.00)
(14100;13487,80.00)
(14107;11066,27.00)
(14869;14262,44.00)
(14122;11618,15.00)
(14107;14122,6.00)
(12892;12264,9.00)
(13230;13204,0.00)
(14100;11278,17.00)
(13204;15096,78.00)
(10693;11433,80.00)
(11433;11278,8.00)
(13930;10299,22.00)
(11995;13930,9.00)
(10257;10397,6.00)
(11823;13930,7.00)
(12191;14107,36.00)
(14794;14869,8.00)
(13342;12892,7.00)
(14027;10721,77.00)
(11259;12266,9.00)
(10397;10431,4.00)
(12266;12915,7.00)
(14747;10140,32.00)
(12441;11292,67.00)
(11292;13930,96.00)
(14747;10821,0.00)
(13204;14730,22.00)
(14107;12478,87.00)
(14869;12954,8.00)
(12478;14635,56.00)
(13476;12892,9.00)
(14747;11057,8.00)
(15304;12889,0.00)
(10279;11259,7.00)
(13204;15016,9.00)
(13930;12451,70.00)
(11057;15016,7.00)
(12953;15919,6.00)
(13232;15376,56.00)
(14576;11057,0.00)
(12266;13930,9.00)
(14679;12173,8.00)
(14122;11298,90.00)
(10408;13930,9.00)
(15016;11697,7.00)
(14908;11298,7.00)
(10800;12478,17.00)
(14122;10721,9.00)
(14524;10721,9.00)
(13487;13486,0.00)
(11292;10849,6.00)
(13232;11066,89.00)
(11577;11433,14.00)
(14107;12173,3.00)
(11292;13433,8.00)
(12992;11433,12.00)
(14107;12339,8.00)
(11540;13930,50.00)
(14843;11278,6.00)
(14100;14635,28.00)
(12953;10990,98.00)
(11193;11697,0.00)
(14057;12889,74.00)
(12264;11433,5.00)
(10713;12266,0.00)
(11193;12478,63.00)
(11996;11618,6.00)
(11193;12889,35.00)
(10599;12266,70.00)
(13232;14683,169.00)
(15304;13495,16.00)
(13930;13931,96.00)
(13232;11259,8.00)
(10397;13296,0.00)
(12266;13303,52.00)
(10372;10397,0.00)
(10397;13577,8.00)
(11433;11193,48.00)
(12264;14843,131.00)
(11433;11977,8.00)
(11298;11057,9.00)
(10721;14100,93.00)
(13487;14696,45.00)
(13342;12953,38.00)
(10693;12892,8.00)
(14321;11433,129.00)
(12278;13232,5.00)
(11697;11278,65.00)
(13198;10693,9.00)
(11298;11433,8.00)
(13204;13342,8.00)
(15304;14843,7.00)
(10257;11433,0.00)
(10423;11540,41.00)
(14222;12173,0.00)
(14150;11433,221.00)
(13487;11884,28.00)
(11292;12191,9.00)
(12523;14256,4.00)
(12264;11066,89.00)
(13204;13296,2.00)
(14869;12280,57.00)
(15041;14869,1.00)
(14107;10821,5.00)
(12892;14905,22.00)
(11057;11298,9.00)
(10693;13930,67.00)
(11292;13495,64.00)
(15304;14122,4.00)
(11697;13232,47.00)
(10792;10821,97.00)
(11042;12266,22.00)
(11278;13198,3.00)
(12953;11278,83.00)
(11193;11057,0.00)
(11292;11921,39.00)
(10792;12889,0.00)
(13433;13487,86.00)
(11298;13422,90.00)
(11697;12266,6.00)
(13495;11292,83.00)
(13871;12266,5.00)
(15304;14100,9.00)
(11292;13796,66.00)
(11292;13244,4.00)
(10721;13930,9.00)
(12266;14683,9.00)
(13930;14570,0.00)
(11042;14107,32.00)
(13930;13184,62.00)
(12915;12266,3.00)
(11695;14107,7.00)
(11292;12982,9.00)
(12892;11298,9.00)
(14771;14570,76.00)
(11292;12951,7.00)
(14107;11433,77.00)
(11423;14869,0.00)
(12441;13487,107.00)
(11292;12896,58.00)
(11259;11540,41.00)
(14869;14794,9.00)
(15304;11259,6.00)
(14122;15304,6.00)
(13930;14576,35.00)
(12478;10800,22.00)
(13930;10792,86.00)
(11618;13871,33.00)
(11648;11292,7.00)
(13796;11298,18.00)
(14679;14100,40.00)
(10666;12889,5.00)
(11618;13244,94.00)
(11292;14489,14.00)
(12280;14869,23.00)
(14193;10693,12.00)
(11298;11778,4.00)
(10627;11298,3.00)
(14771;10930,46.00)
(12889;14570,8.00)
(10994;11057,8.00)
(12953;11298,98.00)
(11259;13232,91.00)
(11298;14027,8.00)
(10397;14747,9.00)
(11193;13303,10.00)
(10693;13303,44.00)
(12896;12266,6.00)
(10397;11612,38.00)
(13244;13487,0.00)
(11298;14908,9.00)
(12951;12266,93.00)
(12264;14771,61.00)
(13204;13487,5.00)
(10721;14869,12.00)
(14893;12892,9.00)
(11298;13303,9.00)
(12889;14057,9.00)
(14100;14679,8.00)
(13933;11697,29.00)
(11298;13277,39.00)
(11433;11618,6.00)
(11140;12191,3.00)
(11292;11259,6.00)
(13891;11298,7.00)
(14730;13204,17.00)
(10821;15304,70.00)
(11298;11996,5.00)
(11298;10599,60.00)
(12264;12953,31.00)
(14771;14679,9.00)
(12264;12892,83.00)
(13204;12266,7.00)
(14771;12264,7.00)
(13232;13851,31.00)
(10721;12478,9.00)
(14492;10529,53.00)
(12266;15411,18.00)
(13377;10397,20.00)
(13930;11274,9.00)
(15919;10397,9.00)
(13198;15016,7.00)
(11996;13232,43.00)
(10140;14679,0.00)
(14635;11057,3.00)
(11057;13230,41.00)
(15304;12391,0.00)
(10397;10792,5.00)
(15016;12191,8.00)
(12266;12094,3.00)
(13232;15370,0.00)
(13871;13487,6.00)
(13244;11292,8.00)
(12892;12402,0.00)
(15016;12889,10.00)
(14108;11298,9.00)
(12173;14222,0.00)
(10140;13232,9.00)
(11298;14685,8.00)
(13230;10397,6.00)
(12478;11298,1.00)
(12266;12896,76.00)
(13367;11298,31.00)
(15304;13198,7.00)
(14057;14908,0.00)
(14696;13487,0.00)
(11292;13204,9.00)
(12478;10732,5.00)
(14771;13476,98.00)
(10980;11298,44.00)
(10397;13795,8.00)
(14027;11618,9.00)
(13930;10990,24.00)
(12478;14747,69.00)
(11884;11292,58.00)
(13871;14107,3.00)
(11995;10397,31.00)
(11292;13264,84.00)
(13204;11986,36.00)
(10713;11292,85.00)
(11298;10140,8.00)
(10397;14730,9.00)
(10821;10529,9.00)
(11292;14108,)
(14321;10821,148.00)
(10821;13232,59.00)
(12889;12264,7.00)
(10397;14574,4.00)
(13487;13198,88.00)
(13487;14492,41.00)
(11292;10821,37.00)
(11292;12339,68.00)
(12954;10423,6.00)
(14679;15376,9.00)
(13204;13230,0.00)
(14771;12266,6.00)
(11612;13930,61.00)
(11066;13232,6.00)
(11298;12478,12.00)
(11433;15016,9.00)
(14576;12953,49.00)
(13232;14869,8.00)
(14814;12266,5.00)
(12889;10279,0.00)
(11292;14869,9.00)
(10551;10299,24.00)
(11618;10397,96.00)
(11259;14679,6.00)
(14107;13891,97.00)
(13930;10721,99.00)
(15304;14683,33.00)
(11193;14771,0.00)
(12953;13296,94.00)
(12266;14122,8.00)
(13930;11003,8.00)
(11042;11618,9.00)
(14869;11092,0.00)
(10299;13873,0.00)
(12217;11433,0.00)
(11697;14107,6.00)
(11298;14108,7.00)
(14635;11721,0.00)
(12953;10868,5.00)
(13796;12954,5.00)
(11193;10397,4.00)
(14747;11109,73.00)
(11503;12266,44.00)
(11298;12094,25.00)
(12266;11996,13.00)
(11298;12339,6.00)
(12173;14747,9.00)
(10208;10397,9.00)
(14869;14679,40.00)
(12451;10397,98.00)
(10561;14771,10.00)
(13422;12266,88.00)
(10693;14869,21.00)
(12191;11481,19.00)
(14869;12266,79.00)
(14747;13871,140.00)
(14321;12478,7.00)
(10397;12264,9.00)
(11057;11292,66.00)
(12266;14524,81.00)
(13296;10397,0.00)
(14843;15304,68.00)
(14831;13891,62.00)
(10821;13342,28.00)
(14893;14869,82.00)
(10397;12323,95.00)
(15376;14057,138.00)
(12266;13891,3.00)
(14576;13204,0.00)
(12892;14893,8.00)
(11778;11298,55.00)
(14771;13388,27.00)
(10693;11057,5.00)
(13303;13931,6.00)
(10821;15016,8.00)
(11433;14057,0.00)
(14908;11292,9.00)
(10397;13029,5.00)
(10529;11057,26.00)
(10693;12889,0.00)
(14679;10140,6.00)
(11433;11823,0.00)
(12892;11603,5.00)
(11066;12264,9.00)
(11298;12896,81.00)
(11193;12892,0.00)
(11259;15304,8.00)
(11193;14869,0.00)
(12264;11996,0.00)
(13930;14952,51.00)
(15376;14107,105.00)
(10693;14100,9.00)
(14574;10397,93.00)
(10423;11618,7.00)
(14771;13232,9.00)
(14574;13930,6.00)
(10721;11433,81.00)
(13204;11193,7.00)
(10693;11042,66.00)
(11292;10713,91.00)
(15304;12339,8.00)
(14747;13204,5.00)
(13198;14679,0.00)
(10529;13930,47.00)
(11308;10397,9.00)
(10994;13930,5.00)
(14747;12889,99.00)
(12896;11298,75.00)
(12266;11042,66.00)
(12478;14893,10.00)
(14679;14683,8.00)
(14107;15376,31.00)
(10397;14783,5.00)
(11298;10627,90.00)
(11066;12266,40.00)
(11433;14576,109.00)
(10431;10397,95.00)
(14027;12266,7.00)
(11423;13930,96.00)
(10397;14633,8.00)
(11042;14635,0.00)
(13232;13495,106.00)
(10397;10693,88.00)
(14679;11433,10.00)
(14679;10713,52.00)
(15376;12266,86.00)
(10185;10397,7.00)
(14771;14262,76.00)
(11292;10599,31.00)
(13198;13232,8.00)
(14771;11193,0.00)
(11721;13487,79.00)
(14747;11697,0.00)
(14771;10299,0.00)
(10849;13487,0.00)
(14492;13232,175.00)
(15304;12898,94.00)
(13232;10397,71.00)
(12012;11292,64.00)
(13891;14057,0.00)
(14107;13495,24.00)
(11259;10279,41.00)
(14570;13930,0.00)
(10821;14576,64.00)
(12892;11618,6.00)
(14831;13930,61.00)
(11503;11618,90.00)
(10397;15249,4.00)
(12177;12266,184.00)
(13198;10721,8.00)
(13871;15016,4.00)
(10693;14492,71.00)
(11042;15304,29.00)
(11057;12451,75.00)
(12264;15024,1.00)
(11057;13232,44.00)
(12451;12478,8.00)
(11540;12889,26.00)
(11433;14747,7.00)
(10397;12992,8.00)
(13930;11278,93.00)
(14027;12264,48.00)
(12889;14107,8.00)
(14730;10397,98.00)
(13796;13830,73.00)
(14869;14543,0.00)
(10529;13204,9.00)
(10397;13377,161.00)
(13303;15027,4.00)
(11433;14107,95.00)
(10781;10397,97.00)
(14107;13871,7.00)
(14869;10918,15.00)
(14679;12191,79.00)
(12197;14635,62.00)
(11298;12953,9.00)
(15016;14869,0.00)
(10397;14635,53.00)
(13930;12448,0.00)
(14457;14869,2.00)
(12889;10792,22.00)
(13851;14107,79.00)
(11298;13244,171.00)
(14952;13930,40.00)
(13232;13871,7.00)
(12954;12889,8.00)
(10408;10397,24.00)
(11638;14771,9.00)
(12266;12278,8.00)
(13277;11298,62.00)
(10874;14635,9.00)
(10792;11697,4.00)
(11042;10529,0.00)
(10423;14831,3.00)
(13244;15304,0.00)
(14869;14107,79.00)
(13244;12266,95.00)
(11986;11433,7.00)
(13495;13232,41.00)
(11433;11577,5.00)
(15304;10599,58.00)
(14588;11298,9.00)
(11977;10397,0.00)
(13891;11292,88.00)
(10397;14831,11.00)
(13487;11066,0.00)
(14256;15841,31.00)
(13502;12892,0.00)
(14524;12264,0.00)
(11122;14869,0.00)
(14057;13891,60.00)
(15016;10397,7.00)
(14107;14689,8.00)
(13296;13204,12.00)
(10397;15096,0.00)
(10423;15304,0.00)
(10728;11298,53.00)
(10257;13204,9.00)
(12478;15304,94.00)
(11298;12915,7.00)
(11775;10397,0.00)
(11697;10158,45.00)
(10423;14107,9.00)
(12945;10397,9.00)
(12339;12266,0.00)
(11697;13933,0.00)
(14107;16218,5.00)
(12889;11618,8.00)
(14122;14635,0.00)
(11697;11618,90.00)
(10397;10208,9.00)
(12992;13930,84.00)
(12266;15624,6.00)
(13830;13930,18.00)
(15304;11433,8.00)
(14107;14100,96.00)
(14689;14107,4.00)
(13198;14107,8.00)
(15096;12478,18.00)
(13495;13487,1.00)
(13303;15304,74.00)
(10821;11986,6.00)
(12094;11292,158.00)
(10397;12451,8.00)
(14057;14689,78.00)
(11298;12278,2.00)
(10821;14747,68.00)
(13204;10529,97.00)
(10397;10868,85.00)
(14492;12264,0.00)
(13495;11278,41.00)
(11278;11433,81.00)
(14685;11298,8.00)
(13232;13891,36.00)
(11292;13158,79.00)
(13830;12173,82.00)
(12266;12339,45.00)
(12892;11278,9.00)
(15304;12478,8.00)
(15304;11066,8.00)
(14100;10693,80.00)
(14771;14747,8.00)
(13931;10397,14.00)
(13830;12892,7.00)
(11618;11996,13.00)
(12320;15304,32.00)
(11057;14107,81.00)
(11193;13204,5.00)
(13296;11433,17.00)
(13891;13232,37.00)
(12173;12266,9.00)
(12094;11298,45.00)
(14635;10397,73.00)
(10397;11193,3.00)
(13342;12889,19.00)
(11267;10397,9.00)
(11433;10529,96.00)
(13487;10469,1.00)
(10397;12217,91.00)
(15376;13232,9.00)
(13851;12266,50.00)
(10821;12451,64.00)
(14747;13796,98.00)
(11298;10685,5.00)
(11697;14747,7.00)
(10721;14685,25.00)
(10732;11697,0.00)
(14679;14771,87.00)
(11057;15096,7.00)
(12898;14635,10.00)
(12982;14747,49.00)
(10423;14747,0.00)
(14730;11433,0.00)
(12191;12206,15.00)
(14006;13930,297.00)
(10397;14576,60.00)
(14893;12173,17.00)
(13204;14307,83.00)
(12339;15304,21.00)
(14831;14869,84.00)
(10469;13487,0.00)
(13204;10257,5.00)
(11057;14576,7.00)
(11267;13930,95.00)
(14057;12478,20.00)
(13930;11146,9.00)
(13930;12264,71.00)
(11433;11612,17.00)
(13487;12892,95.00)
(12266;12951,92.00)
(11433;11298,8.00)
(10423;10721,7.00)
(15016;12892,242.00)
(10423;11292,9.00)
(14869;14570,6.00)
(13930;13076,8.00)
(13930;11076,69.00)
(14683;11618,0.00)
(11298;11697,9.00)
(14683;11298,85.00)
(13485;13930,99.00)
(13796;11292,84.00)
(13577;11697,0.00)
(14570;12892,97.00)
(12982;14831,142.00)
(12173;14057,45.00)
(15582;14869,0.00)
(13029;13930,4.00)
(14831;14908,7.00)
(11042;12264,89.00)
(14783;13930,6.00)
(14679;12478,72.00)
(10397;13487,9.00)
(12266;10599,8.00)
(12266;10821,60.00)
(11278;12953,9.00)
(12266;13495,58.00)
(11278;14100,70.00)
(13303;14107,24.00)
(11618;13198,22.00)
(12758;14771,0.00)
(12953;10994,198.00)
(11292;14492,9.00)
(11278;13930,8.00)
(11638;12892,9.00)
(15412;12953,41.00)
(12953;15096,5.00)
(12266;10423,7.00)
(13487;13851,0.00)
(12953;13931,12.00)
(12217;13930,60.00)
(13232;14122,6.00)
(13930;14574,16.00)
(11259;10693,5.00)
(14893;13930,8.00)
(11433;15380,223.00)
(11292;12441,61.00)
(11292;10397,47.00)
(14122;12266,9.00)
(11413;11298,26.00)
(12889;10800,9.00)
(13930;13487,99.00)
(15841;14256,0.00)
(11618;12339,6.00)
(13232;12953,8.00)
(11298;10821,9.00)
(11697;15016,22.00)
(11298;15370,79.00)
(12173;11292,0.00)
(14683;14679,0.00)
(14107;13303,7.00)
(11603;14771,88.00)
(10397;11641,9.00)
(14689;14057,0.00)
(14262;14771,9.00)
(11292;13367,90.00)
(13487;14869,3.00)
(13487;13204,91.00)
(11618;11697,9.00)
(11423;12889,0.00)
(10721;11697,8.00)
(11292;11637,55.00)
(13029;10397,8.00)
(14747;12892,9.00)
(12892;13342,0.00)
(14635;10874,18.00)
(14771;15016,34.00)
(14492;13487,2.00)
(14057;10397,0.00)
(13930;11775,8.00)
(14252;11292,3.00)
(11298;14814,63.00)
(11618;12173,34.00)
(14679;13198,16.00)
(14771;11603,94.00)
(10739;12343,0.00)
(13198;13487,6.00)
(14771;11298,94.00)
(10821;14679,37.00)
(12953;11267,71.00)
(14122;12264,52.00)
(11433;15304,76.00)
(14771;11292,9.00)
(14683;15304,2.00)
(15027;11057,22.00)
(11433;13230,91.00)
(10868;13930,21.00)
(12892;11041,5.00)
(15412;10397,7.00)
(13930;14679,9.00)
(13796;14747,9.00)
(11292;11884,58.00)
(14771;10372,9.00)
(10821;14307,4.00)
(13851;11292,97.00)
(14869;13485,13.00)
(12478;15096,92.00)
(14730;10821,53.00)
(13495;10693,9.00)
(11977;13930,94.00)
(13930;14006,15.00)
(15304;11721,27.00)
(13891;12266,3.00)
(10693;11259,0.00)
(11042;15016,25.00)
(14100;15016,8.00)
(12266;13871,9.00)
(10721;14492,68.00)
(13487;10627,5.00)
(11298;13891,8.00)
(11697;10721,6.00)
(12889;15016,40.00)
(11278;11697,60.00)
(11697;10732,0.00)
(14831;12173,5.00)
(11057;12264,58.00)
(14771;15041,27.00)
(12173;14831,17.00)
(15370;14107,21.00)
(11259;15016,7.00)
(12339;11292,70.00)
(13970;10299,375.00)
(14771;13964,30.00)
(10721;15024,37.00)
(11540;10397,4.00)
(14730;12953,45.00)
(10800;13796,5.00)
(14869;11603,12.00)
(13796;13232,9.00)
(13930;14633,59.00)
(10685;13487,27.00)
(11641;10397,85.00)
(13303;11193,12.00)
(14679;10821,56.00)
(11066;15304,4.00)
(11067;13930,94.00)
(14107;14869,96.00)
(10821;13487,0.00)
(14576;13930,60.00)
(15304;10423,8.00)
(12953;13577,87.00)
(11697;13487,8.00)
(10821;10693,7.00)
(13487;14520,9.00)
(14683;13487,3.00)
(12191;15304,9.00)
(14771;14107,6.00)
(11298;14843,70.00)
(13930;11267,6.00)
(13204;15070,7.00)
(14057;14771,93.00)
(12478;14321,97.00)
(12889;13342,6.00)
(10397;10408,33.00)
(12339;12264,12.00)
(13303;13487,52.00)
(15380;11433,20.00)
(10821;14635,7.00)
(13930;12945,26.00)
(12266;12953,90.00)
(14908;14057,87.00)
(10821;14321,41.00)
(13930;14107,80.00)
(12173;12758,9.00)
(12478;13931,7.00)
(12478;11292,0.00)
(13487;14843,0.00)
(12892;11292,8.00)
(11057;10721,74.00)
(13204;10792,2.00)
(13184;10397,30.00)
(11278;11057,43.00)
(11433;11986,78.00)
(12266;11057,9.00)
(11057;10529,6.00)
(13930;13296,0.00)
(12266;13204,8.00)
(10397;14893,16.00)
(12478;14679,87.00)
(12266;13851,5.00)
(14027;11298,6.00)
(11618;10849,0.00)
(11292;13303,7.00)
(13796;10800,9.00)
(12953;12266,91.00)
(14107;11042,92.00)
(14685;10721,0.00)
(11618;14492,8.00)
(15096;11057,24.00)
(13487;12339,0.00)
(14771;11618,7.00)
(12266;13422,8.00)
(11298;11503,39.00)
(15096;11433,2.00)
(11292;13871,99.00)
(10599;11298,68.00)
(11433;12451,64.00)
(13487;10713,5.00)
(13487;11697,54.00)
(15304;12197,78.00)
(12892;14107,94.00)
(11921;11292,58.00)
(14685;11618,0.00)
(12451;13930,6.00)
(11433;11267,32.00)
(11540;10423,340.00)
(14689;11292,1.00)
(10918;14869,25.00)
(11697;11193,0.00)
(14193;12266,80.00)
(10423;14679,6.00)
(14730;12889,0.00)
(10423;11278,0.00)
(13232;11996,8.00)
(13796;14107,9.00)
(13930;11577,70.00)
(11618;14683,18.00)
(14869;15041,33.00)
(12478;14107,60.00)
(12953;13342,7.00)
(11278;14843,27.00)
(15991;10926,0.00)
(13204;10732,15.00)
(13232;11697,86.00)
(12889;13232,76.00)
(15027;14843,44.00)
(14570;14869,12.00)
(10693;12478,2.00)
(11995;12953,46.00)
(13495;13342,0.00)
(11003;13930,73.00)
(11697;10529,5.00)
(12266;10397,95.00)
(12266;14685,8.00)
(13230;13930,73.00)
(13487;13871,9.00)
(13891;14107,8.00)
(11986;10821,4.00)
(14771;10721,96.00)
(14674;11292,95.00)
(12266;14100,92.00)
(12217;10397,8.00)
(11298;13851,5.00)
(10849;12266,75.00)
(14107;13204,8.00)
(13232;13796,62.00)
(11697;14307,5.00)
(12191;11298,61.00)
(14307;13204,7.00)
(14524;12266,47.00)
(13204;10721,8.00)
(11921;11298,3.00)
(11775;13930,86.00)
(10721;14843,4.00)
(13487;15376,0.00)
(13891;14831,50.00)
(15919;12953,51.00)
(12951;11298,8.00)
(13930;11193,85.00)
(13232;12889,84.00)
(11278;10397,8.00)
(10140;11292,7.00)
(10299;13930,28.00)
(12889;12266,73.00)
(11996;12266,3.00)
(11982;10397,8.00)
(14307;11697,23.00)
(12892;10721,57.00)
(11637;13487,7.00)
(11278;13204,7.00)
(11292;11097,25.00)
(12892;14570,7.00)
(11298;11413,40.00)
(15249;10397,22.00)
(10397;11953,86.00)
(11433;11292,9.00)
(13487;13495,0.00)
(11618;11057,4.00)
(10397;13342,7.00)
(12266;11259,95.00)
(12441;11298,4.00)
(10994;12478,6.00)
(12992;10397,4.00)
(14107;13930,9.00)
(13303;15016,4.00)
(12954;12478,9.00)
(12892;11540,9.00)
(14771;11638,82.00)
(11618;12441,56.00)
(13476;14771,2.00)
(10792;12478,91.00)
(12953;14635,93.00)
(14747;12478,8.00)
(13930;11823,7.00)
(14814;11292,14.00)
(13931;10821,5.00)
(14679;11057,8.00)
(13204;11618,9.00)
(11278;14027,2.00)
(11292;14100,9.00)
(11066;11618,61.00)
(12264;12339,8.00)
(11697;10257,0.00)
(10721;12953,96.00)
(13303;10721,77.00)
(11298;10155,9.00)
(14256;12523,0.00)
(11109;14747,83.00)
(11298;11109,5.00)
(13795;10397,82.00)
(12191;10693,41.00)
(11298;12511,47.00)
(11057;12266,90.00)
(10397;11982,8.00)
(11618;14524,36.00)
(11292;11057,26.00)
(13232;14492,95.00)
(15370;12266,68.00)
(15016;13204,12.00)
(12266;15376,76.00)
(12003;11292,7.00)
(10821;12992,12.00)
(15041;14771,46.00)
(12266;14814,8.00)
(12278;11292,38.00)
(10990;13930,81.00)
(14635;12953,68.00)
(12266;10140,7.00)
(13930;14262,0.00)
(15356;13232,11.00)
(11618;12892,88.00)
(13930;14457,0.00)
(11057;15304,9.00)
(11057;14635,5.00)
(10693;10821,9.00)
(12094;14747,84.00)
(11537;10397,10.00)
(13303;11298,66.00)
(16218;14107,5.00)
(10397;15027,0.00)
(11057;14679,39.00)
(15070;11697,24.00)
(14321;11057,2.00)
(10397;14307,5.00)
(10713;14679,14.00)
(10693;13198,8.00)
(11066;15016,67.00)
(13495;15304,61.00)
(13204;14679,5.00)
(11618;10434,0.00)
(11298;15411,9.00)
(12945;11433,33.00)
(15380;13930,46.00)
(11292;13198,8.00)
(14576;10821,34.00)
(11884;14107,31.00)
(14307;11057,5.00)
(11618;11433,8.00)
(10994;12953,5.00)
(14100;11292,8.00)
(10785;12478,5.00)
(14107;12191,63.00)
(11433;11995,0.00)
(12448;13930,7.00)
(12391;15304,85.00)
(13796;12758,0.00)
(12889;10257,2.00)
(14679;10423,41.00)
(13930;11977,80.00)
(13303;10529,23.00)
(10397;10781,92.00)
(14122;11292,77.00)
(15096;12953,14.00)
(14679;12889,5.00)
(13204;13485,111.00)
(14107;12892,93.00)
(12478;10721,88.00)
(15412;13930,6.00)
(12191;11292,48.00)
(11298;11042,41.00)
(15411;11298,93.00)
(12191;11618,167.00)
(12266;13158,9.00)
(11292;12478,93.00)
(11298;14588,2.00)
(11057;14747,28.00)
(13198;11298,97.00)
(10397;11278,94.00)
(10423;10693,9.00)
(10397;10529,9.00)
(12953;12264,35.00)
(12478;14831,0.00)
(14869;11865,17.00)
(11618;14685,5.00)
(14747;13198,1.00)
(11109;12266,7.00)
(11433;13296,0.00)
(14492;15304,8.00)
(12758;13796,64.00)
(11203;13930,88.00)
(10397;14321,1.00)
(15356;13487,316.00)
(11433;13232,8.00)
(10397;13360,9.00)
(13930;14307,32.00)
(10821;13296,8.00)
(11433;10408,96.00)
(13486;11292,88.00)
(10397;11481,7.00)
(10599;15304,5.00)
(10713;13487,94.00)
(14635;13930,76.00)
(14869;13487,6.00)
(14771;14057,8.00)
(11986;13204,0.00)
(10529;13303,0.00)
(13487;10849,0.00)
(13891;14893,9.00)
(15304;13303,68.00)
(13232;13204,7.00)
(14679;13303,6.00)
(13930;12992,8.00)
(11298;11905,92.00)
(15356;15304,36.00)
(10397;15304,9.00)
(12953;15016,50.00)
(11637;11298,64.00)
(15016;11066,6.00)
(11292;12953,8.00)
(13204;11267,0.00)
(12478;10792,9.00)
(11292;10140,6.00)
(14831;10423,3.00)
(12953;10721,96.00)
(11252;10397,0.00)
(11298;13796,18.00)
(11292;15370,89.00)
(13931;13930,69.00)
(10792;11057,18.00)
(13930;11292,79.00)
(11193;13930,94.00)
(15370;11298,6.00)
(12953;13487,9.00)
(11292;15376,80.00)
(14771;14893,7.00)
(13871;13232,4.00)
(14747;14100,13.00)
(11298;13871,8.00)
(12451;11697,45.00)
(14027;11278,71.00)
(10140;13487,24.00)
(10721;10821,92.00)
(10721;14771,48.00)
(11540;12892,3.00)
(11292;11433,9.00)
(13871;11292,93.00)
(14027;11292,43.00)
(15304;10397,9.00)
(11995;13303,9.00)
(12441;11618,2.00)
(11433;13485,3.00)
(11986;13930,83.00)
(12206;10423,0.00)
(11278;12478,71.00)
(12892;13476,4.00)
(12478;10994,4.00)
(10158;11697,16.00)
(15304;10821,9.00)
(13851;11298,9.00)
(11618;13495,7.00)
(10739;13487,3.00)
(13487;14524,7.00)
(10529;14027,42.00)
(10721;12892,98.00)
(14679;13930,9.00)
(13232;14771,55.00)
(11259;12992,9.00)
(15304;12953,70.00)
(13076;13930,47.00)
(15624;11298,67.00)
(13360;10397,319.00)
(14635;12898,0.00)
(13930;15919,93.00)
(13495;14107,0.00)
(14783;10397,96.00)
(10299;12889,38.00)
(14843;15027,0.00)
(14869;15016,10.00)
(11697;10792,36.00)
(13930;10372,92.00)
(13198;11292,9.00)
(11337;13930,9.00)
(12266;11433,9.00)
(14747;15376,0.00)
(15304;12191,29.00)
(11433;12884,0.00)
(14771;10561,89.00)
(14747;12094,20.00)
(12266;12441,0.00)
(11433;13342,88.00)
(12264;12889,6.00)
(11278;10874,0.00)
(10397;13230,35.00)
(10821;10792,9.00)
(11057;11193,12.00)
(11278;14771,0.00)
(13198;14057,0.00)
(14122;13487,91.00)
(11292;14814,58.00)
(10155;11298,9.00)
(13930;11986,76.00)
(15304;15356,4.00)
(13796;14679,6.00)
(11612;11433,10.00)
(13891;14747,0.00)
(14633;10397,78.00)
(11697;12264,7.00)
(10599;13232,34.00)
(15370;11618,0.00)
(11433;11003,9.00)
(10397;10990,44.00)
(11433;12266,62.00)
(12441;14747,0.00)
(13204;14747,34.00)
(14843;11618,54.00)
(12896;11292,7.00)
(14524;13487,100.00)
(15096;10397,9.00)
(10268;13930,5.00)
(12953;14576,116.00)
(11278;10423,11.00)
(14698;14107,9.00)
(15497;12264,0.00)
(10821;10257,74.00)
(13303;14747,6.00)
(14869;10693,45.00)
(12278;11298,468.00)
(11057;10994,0.00)
(12953;15304,97.00)
(10397;11986,8.00)
(10620;14869,9.00)
(13342;11433,3.00)
(11259;14107,3.00)
(14747;12173,9.00)
(13930;11618,88.00)
(14057;13198,3.00)
(11298;12892,9.00)
(10821;11267,4.00)
(13342;13204,43.00)
(13232;15356,95.00)
(13487;10685,241.00)
(13930;15096,71.00)
(12266;14869,4.00)
(14576;11433,111.00)
(13296;10821,84.00)
(11298;13495,8.00)
(14747;14689,39.00)
(10397;11540,16.00)
(14869;11298,93.00)
(13851;13487,14.00)
(10408;11433,2.00)
(14520;13487,6.00)
(14814;11298,92.00)
(13930;14783,8.00)
(13930;12217,71.00)
(13204;12264,6.00)
(11648;13487,0.00)
(10529;11433,8.00)
(13487;13930,9.00)
(13930;10408,146.00)
(14307;10821,19.00)
(12892;10693,77.00)
(13487;14771,5.00)
(14683;12266,88.00)
(12266;13244,9.00)
(14747;10423,8.00)
(13930;15380,78.00)
(10721;13204,85.00)
(15096;13930,72.00)
(13930;14730,6.00)
(12889;12992,0.00)
(12478;10693,30.00)
(13232;10821,8.00)
(13577;10397,9.00)
(11697;15304,4.00)
(12264;14524,50.00)
(12953;10693,70.00)
(11292;12012,42.00)
(11076;13930,6.00)
(12892;14747,96.00)
(10821;12266,67.00)
(13796;14057,7.00)
(14027;10158,10.00)
(10800;14869,0.00)
(14869;14057,8.00)
(15016;13930,67.00)
(11618;13204,9.00)
(10693;13204,8.00)
(13930;15412,8.00)
(14831;10397,239.00)
(15016;13871,68.00)
(10397;14679,56.00)
(14843;11298,0.00)
(14492;11292,2.00)
(14831;12889,7.00)
(11292;10874,0.00)
(14683;11540,11.00)
(12264;14027,0.00)
(14689;14747,52.00)
(14100;12451,35.00)
(13204;13933,0.00)
(12478;11278,89.00)
(13930;10994,4.00)
(11298;10423,94.00)
(13487;10397,7.00)
(14679;10397,8.00)
(12889;13487,83.00)
(10431;13930,17.00)
(15370;15016,46.00)
(13830;12982,7.00)
(13930;13830,0.00)
(10279;12889,0.00)
(13930;11537,64.00)
(14057;12173,9.00)
(14107;15370,88.00)
(13204;13232,47.00)
(12892;12758,34.00)
(12197;15304,20.00)
(10397;13931,4.00)
(15411;12266,54.00)
(14492;10721,59.00)
(12451;12191,0.00)
(13232;10140,0.00)
(11433;11423,9.00)
(11057;11278,9.00)
(11618;13930,94.00)
(11618;14869,103.00)
(10397;13502,0.00)
(14122;10693,0.00)
(14986;10721,0.00)
(13487;12889,52.00)
(14747;13891,15.00)
(11697;13577,78.00)
(13487;11721,0.00)
(11057;10792,4.00)
(13930;15016,51.00)
(14869;11638,68.00)
(14100;10721,86.00)
(12264;12478,53.00)
(12953;10792,51.00)
(13930;14893,7.00)
(10397;10721,9.00)
(12094;12266,41.00)
(11267;10821,0.00)
(12191;10994,13.00)
(13851;13232,30.00)
(10397;12448,97.00)
(13930;10868,72.00)
(14747;12982,4.00)
(13931;13303,35.00)
(12953;11292,92.00)
(11274;13930,72.00)
(11292;12892,97.00)
(14869;12156,0.00)
(14635;12339,8.00)
(15376;11292,74.00)
(11292;12278,31.00)
(11433;12217,51.00)
(11884;14747,7.00)
(10721;14524,84.00)
(10397;12945,7.00)
(12889;14893,9.00)
(15016;11042,5.00)
(12266;12892,82.00)
(11298;10728,36.00)
(10785;11433,19.00)
(10990;12953,92.00)
(14869;10620,5.00)
(10868;10397,69.00)
(12953;12992,6.00)
(14635;11042,7.00)
(14771;10800,8.00)
(12266;14908,9.00)
(10397;11146,20.00)
(11618;14771,9.00)
(10158;13204,3.00)
(10397;11298,9.00)
(12892;15016,3.00)
(10666;12173,0.00)
(11433;13931,8.00)
(12884;13930,7.00)
(12264;14685,43.00)
(11697;13342,3.00)
(13264;11292,13.00)
(14057;12892,2.00)
(14908;14747,78.00)
(12173;14893,0.00)
(13930;13230,70.00)
(14107;14683,9.00)
(15070;13204,0.00)
(11298;13367,22.00)
(14307;10397,9.00)
(13930;13290,45.00)
(13487;13433,14.00)
(12892;11193,8.00)
(12266;11697,60.00)
(15016;14771,5.00)
(14492;10693,5.00)
(14057;13796,9.00)
(14893;10397,8.00)
(13198;11278,0.00)
(10693;12953,95.00)
(12892;13502,32.00)
(13303;15249,16.00)
(10397;11775,87.00)
(14107;11884,22.00)
(10397;11618,83.00)
(14027;10529,73.00)
(10627;13487,7.00)
(10158;14027,0.00)
(10685;11298,23.00)
(11953;13303,0.00)
(14747;13303,0.00)
(15376;14679,3.00)
(15016;13851,0.00)
(10423;12206,2.00)
(12892;12266,57.00)
(11193;12953,223.00)
(11433;13487,41.00)
(13502;10397,0.00)
(11433;10792,96.00)
(12264;10397,71.00)
(12094;11618,87.00)
(14635;10821,95.00)
(11066;10693,87.00)
(14107;14771,96.00)
(14570;12889,7.00)
(14843;12264,37.00)
(13930;13344,81.00)
(10397;14057,5.00)
(10299;14771,38.00)
(10299;10926,151.00)
(13198;11618,189.00)
(11433;14150,5.00)
(10693;13495,31.00)
(12889;14831,5.00)
(15376;13487,5.00)
(14107;10397,6.00)
(14057;14869,9.00)
(13344;13930,79.00)
(10257;11057,0.00)
(12191;11278,6.00)
(10721;11057,9.00)
(11577;13930,9.00)
(13930;12266,54.00)
(14747;14908,7.00)
(11003;10397,88.00)
(14771;11278,59.00)
(14107;11697,29.00)
(10990;10397,44.00)
(13342;10821,16.00)
(12889;11292,8.00)
(12266;14027,5.00)
(13342;11042,10.00)
(13930;10785,89.00)
(12266;14193,24.00)
(13487;11057,7.00)
(12266;11066,8.00)
(11618;11503,0.00)
(10849;11292,57.00)
(10721;13303,9.00)
(11298;14960,85.00)
(13930;12884,47.00)
(10372;12892,68.00)
(11481;10397,387.00)
(10397;13232,76.00)
(13232;12191,7.00)
(10397;15016,74.00)
(14869;14747,7.00)
(11618;12889,4.00)
(11537;13930,7.00)
(10926;10299,31.00)
(12191;14679,10.00)
(12889;11298,8.00)
(10994;13303,18.00)
(14683;15016,49.00)
(12954;14771,25.00)
(14747;12441,320.00)
(14960;11298,7.00)
(15016;14683,0.00)
(11259;11292,5.00)
(11298;12441,8.00)
(11042;13232,79.00)
(14107;10423,8.00)
(15024;10721,30.00)
(11298;14492,7.00)
(15304;10874,0.00)
(13930;13342,88.00)
(13244;13232,7.00)
(12889;11193,17.00)
(14679;14869,7.00)
